14539234 3 3 3
14539236 4 4 4
14539243 9 9 9
14539251 3 3 3
14539252 9 9 9
14539274 1 1 1
14539282 1 1 1
14539457 2 2 2
14539993 1 1 1
14540541 3 3 3
14542096 1 1 1
14542103 2 2 2
14542272 1 1 1
14542413 1 1 1
14543183 1 1 1
14543336 3 3 3
14543538 1 1 1
14543570 3 3 3
14543630 4 4 4
14544178 2 2 2
14544610 1 1 1
14544636 1 1 1
14544757 1 1 1
14544759 1 1 1
14544818 4 4 4
14545121 1 1 1
14545166 1 1 1
14545172 1 1 1
14545770 1 1 1
14546452 2 2 2
14546463 1 1 1
14546550 1 1 1
14547277 1 1 1
14548079 3 3 3
14548118 2 2 2
14548151 2 2 2
14548448 1 1 1
14548460 2 2 2
14548574 2 2 2
14548644 5 5 5
14549286 1 1 1
14549297 5 5 5
14549420 1 1 1
14549492 1 1 1
14549516 2 2 2
14549533 4 4 4
14550187 1 1 1
14550582 1 1 1
14550631 1 1 1
14550685 1 1 1
14550818 1 1 1
14550835 10 10 10
14551049 1 1 1
14551084 2 2 2
14551158 1 1 1
14551236 1 1 1
14551341 1 1 1
14551527 1 1 1
14551670 3 3 3
14551809 2 2 2
14551867 2 2 2
14551971 2 2 2
14552067 3 3 3
14552620 2 2 2
14553069 1 1 1
14553073 1 1 1
14553087 1 1 1
14553141 3 3 3
14553373 4 4 4
14553393 2 2 2
14553958 1 1 1
14554060 2 2 2
14554278 1 1 1
14554376 1 1 1
14554397 1 1 1
14554427 6 6 6
14554919 6 6 6
14555087 1 1 1
14555276 1 1 1
14555290 1 1 1
14555423 1 1 1
14555443 2 2 2
14555447 1 1 1
14555458 1 1 1
14555484 10 10 10
14555538 3 3 3
14555552 1 1 1
14555796 6 6 6
14555918 1 1 1
14555941 4 4 4
14555956 1 1 1
14555982 4 4 4
14556720 2 2 2
14556843 2 2 2
14557037 3 3 3
14557107 2 2 2
14557363 1 1 1
14557418 3 3 3
14557426 1 1 1
14557525 2 2 2
14557542 2 2 2
14557594 1 1 1
14557617 1 1 1
14557680 1 1 1
14557765 3 3 3
14557835 1 1 1
14557897 1 1 1
14557970 6 6 6
14558015 3 3 3
14558187 3 3 3
14558196 1 1 1
14558203 1 1 1
14558226 1 1 1
14558234 1 1 1
14558368 1 1 1
14558420 6 6 6
14558447 1 1 1
14558456 1 1 1
14558482 1 1 1
14558522 3 3 3
14558643 2 2 2
14558676 1 1 1
14558688 1 1 1
14558693 2 2 2
14558714 1 1 1
14558759 1 1 1
14558770 1 1 1
14558819 2 2 2
14558916 1 1 1
14558936 1 1 1
14559010 4 4 4
14559062 1 1 1
14559144 5 5 5
14559262 1 1 1
14559275 6 6 6
14559949 2 2 2
14560063 1 1 1
14560084 1 1 1
14560232 1 1 1
14560506 1 1 1
14560712 2 2 2
14560745 1 1 1
14560871 2 2 2
14560877 2 2 2
14561124 2 2 2
14561262 2 2 2
14561717 2 2 2
14561780 1 1 1
14561794 1 1 1
14562155 1 1 1
14562393 1 1 1
14562873 1 1 1
14563589 1 1 1
14564499 3 3 3
14564539 3 3 3
14564559 4 4 4
14564912 3 3 3
14564936 1 1 1
14566107 1 1 1
14566175 2 2 2
14566230 8 8 8
14566244 1 1 1
14566257 1 1 1
14566513 2 2 2
14566589 1 1 1
14566872 1 1 1
14566941 1 1 1
14566960 1 1 1
14567053 1 1 1
14567104 2 2 2
14567153 1 1 1
14567314 3 3 3
14567338 4 4 4
14567516 1 1 1
14567548 3 3 3
14567573 1 1 1
14568056 2 2 2
14568403 1 1 1
14568583 2 2 2
14568695 1 1 1
14568757 1 1 1
14568771 1 1 1
14568826 2 2 2
14569028 2 2 2
14569390 1 1 1
14569695 1 1 1
14569696 1 1 1
14569703 2 2 2
14570124 4 4 4
14570195 5 5 5
14570272 1 1 1
14570357 1 1 1
14570814 1 1 1
14571061 2 2 2
14571279 3 3 3
14571733 1 1 1
14572051 3 3 3
14572362 1 1 1
14572498 1 1 1
14572640 1 1 1
14572932 1 1 1
14572979 2 2 2
14573006 2 2 2
14573677 1 1 1
14573722 2 2 2
14573894 1 1 1
14573955 1 1 1
14574101 1 1 1
14574130 1 1 1
14574722 1 1 1
14574723 3 3 3
14575042 3 3 3
14575236 4 4 4
14575284 1 1 1
14575935 1 1 1
14575973 3 3 3
14576062 1 1 1
14576079 3 3 3
14576236 2 2 2
14576469 1 1 1
14576483 1 1 1
14576500 6 6 6
14576522 1 1 1
14576676 1 1 1
14576882 1 1 1
14576964 2 2 2
14577276 1 1 1
14577403 5 5 5
14577456 1 1 1
14577927 2 2 2
14578114 1 1 1
14578515 2 2 2
14579104 2 2 2
14579235 1 1 1
14579378 2 2 2
14579452 3 3 3
14579486 2 2 2
14579564 1 1 1
14579697 2 2 2
14580061 1 1 1
14580151 2 2 2
14580342 2 2 2
14580399 2 2 2
14580432 1 1 1
14580862 1 1 1
14581006 5 5 5
14581174 2 2 2
14581175 1 1 1
14581373 1 1 1
14581960 1 1 1
14582023 1 1 1
14582051 1 1 1
14582292 2 2 2
14582800 1 1 1
14582944 3 3 3
14582974 1 1 1
14583116 1 1 1
14583172 2 2 2
14583265 2 2 2
14583407 4 4 4
14583425 1 1 1
14583644 2 2 2
14583956 1 1 1
14583982 1 1 1
14584034 1 1 1
14584355 1 1 1
14584489 3 3 3
14584655 2 2 2
14584982 1 1 1
14585048 1 1 1
14585245 2 2 2
14585274 2 2 2
14585277 1 1 1
14585494 2 2 2
14585970 1 1 1
14587060 1 1 1
14587122 1 1 1
14587553 1 1 1
14587665 1 1 1
14588374 5 5 5
14588427 2 2 2
14589131 1 1 1
14589630 2 2 2
14590121 1 1 1
14590883 2 2 2
14591075 1 1 1
14591986 1 1 1
14592086 1 1 1
14592455 2 2 2
14592492 1 1 1
14592800 6 6 6
14592860 4 4 4
14592862 1 1 1
14593117 1 1 1
14593740 1 1 1
14593878 1 1 1
14593931 1 1 1
14593954 1 1 1
14593988 6 6 6
14594012 2 2 2
14594193 1 1 1
14594242 1 1 1
14595273 1 1 1
14595348 1 1 1
14595880 1 1 1
14596110 1 1 1
14596206 2 2 2
14596557 1 1 1
14596899 2 2 2
14597135 2 2 2
14597166 1 1 1
14597263 1 1 1
14597453 1 1 1
14597465 2 2 2
14597722 2 2 2
14598010 1 1 1
14598445 2 2 2
14598482 5 5 5
14598612 9 9 9
14598650 2 2 2
14598712 1 1 1
14599419 2 2 2
14600210 1 1 1
14600451 1 1 1
14600613 1 1 1
14601171 2 2 2
14601208 2 2 2
14601336 2 2 2
14601536 2 2 2
14601678 3 3 3
14601789 2 2 2
14601889 1 1 1
14602452 1 1 1
14602546 2 2 2
14602800 1 1 1
14604003 1 1 1
14604388 1 1 1
14604470 1 1 1
14604657 1 1 1
14604693 1 1 1
14604734 1 1 1
14605699 1 1 1
14605722 1 1 1
14605935 1 1 1
14607556 1 1 1
14607889 1 1 1
14608456 2 2 2
14608548 4 4 4
14608793 1 1 1
14608812 3 3 3
14608991 1 1 1
14609033 2 2 2
14609474 1 1 1
14609657 1 1 1
14609663 2 2 2
14610273 2 2 2
14611070 1 1 1
14611098 1 1 1
14611312 1 1 1
14611370 1 1 1
14611498 1 1 1
14612025 1 1 1
14612180 2 2 2
14612200 1 1 1
14612636 1 1 1
14612658 1 1 1
14612668 2 2 2
14612911 3 3 3
14612953 1 1 1
14613053 2 2 2
14613492 2 2 2
14613680 1 1 1
14613707 1 1 1
14613975 3 3 3
14614147 3 3 3
14614241 1 1 1
14614398 2 2 2
14615129 2 2 2
14615130 1 1 1
14615265 1 1 1
14615274 2 2 2
14615365 1 1 1
14615488 3 3 3
14615572 2 2 2
14615901 1 1 1
14616139 1 1 1
14616232 1 1 1
14616486 2 2 2
14616628 1 1 1
14617380 3 3 3
14617555 2 2 2
14617771 1 1 1
14617825 1 1 1
14617999 1 1 1
14618131 4 4 4
14618264 1 1 1
14618268 1 1 1
14618361 2 2 2
14618379 4 4 4
14618394 1 1 1
14618576 1 1 1
14618699 1 1 1
14619085 8 8 8
14619143 4 4 4
14619259 2 2 2
14619308 3 3 3
14619795 1 1 1
14619956 1 1 1
14619969 1 1 1
14620031 1 1 1
14620147 2 2 2
14620234 3 3 3
14620331 1 1 1
14620365 1 1 1
14620369 1 1 1
14620525 5 5 5
14620731 3 3 3
14620808 1 1 1
14621157 1 1 1
14621182 1 1 1
14621324 1 1 1
14621419 2 2 2
14621619 1 1 1
14621821 1 1 1
14622178 3 3 3
14622328 1 1 1
14623144 1 1 1
14623404 1 1 1
14623570 1 1 1
14624229 1 1 1
14624264 2 2 2
14624578 3 3 3
14625245 2 2 2
14625299 2 2 2
14625987 1 1 1
14626311 1 1 1
14626383 2 2 2
14626579 1 1 1
14626771 1 1 1
14627755 1 1 1
14627795 1 1 1
14628093 7 7 7
14628343 3 3 3
14628385 2 2 2
14628431 2 2 2
14628538 1 1 1
14629016 1 1 1
14629062 1 1 1
14630382 1 1 1
14630432 1 1 1
14630767 1 1 1
14631011 1 1 1
14631179 1 1 1
14631892 1 1 1
14632252 1 1 1
14632311 1 1 1
14632421 2 2 2
14632505 6 6 6
14632538 7 7 7
14632560 1 1 1
14632879 1 1 1
14632880 1 1 1
14633063 2 2 2
14633343 1 1 1
14633692 1 1 1
14634023 3 3 3
14634052 1 1 1
14634460 7 7 7
14634929 7 7 7
14635078 1 1 1
14635386 1 1 1
14635483 2 2 2
14635628 4 4 4
14635753 1 1 1
14635901 2 2 2
14636216 1 1 1
14636349 1 1 1
14636729 1 1 1
14636740 1 1 1
14637133 1 1 1
14637505 2 2 2
14637560 1 1 1
14637628 2 2 2
14637783 1 1 1
14637865 1 1 1
14638241 1 1 1
14638846 1 1 1
14638852 1 1 1
14638922 1 1 1
14638988 1 1 1
14639095 1 1 1
14639286 2 2 2
14639335 1 1 1
14639357 1 1 1
14639394 2 2 2
14639553 1 1 1
14639718 1 1 1
14639782 1 1 1
14639994 2 2 2
14640102 3 3 3
14640358 1 1 1
14640459 2 2 2
14640537 2 2 2
14640593 1 1 1
14641211 1 1 1
14641212 2 2 2
14641339 4 4 4
14641374 1 1 1
14641488 1 1 1
14641682 3 3 3
14641912 1 1 1
14642465 2 2 2
14642533 3 3 3
14643182 3 3 3
14643316 1 1 1
14643345 1 1 1
14643426 1 1 1
14643518 1 1 1
14643687 4 4 4
14643714 1 1 1
14643758 2 2 2
14644175 1 1 1
14644176 1 1 1
14644207 1 1 1
14644366 1 1 1
14644683 2 2 2
14644689 2 2 2
14644974 1 1 1
14645116 1 1 1
14645127 2 2 2
14645198 1 1 1
14645321 1 1 1
14645626 1 1 1
14645668 3 3 3
14646012 1 1 1
14646131 1 1 1
14646360 2 2 2
14646629 3 3 3
14646733 1 1 1
14647012 1 1 1
14647186 2 2 2
14647636 1 1 1
14648229 2 2 2
14648231 1 1 1
14648375 1 1 1
14648633 1 1 1
14648845 1 1 1
14649531 1 1 1
14649594 1 1 1
14649596 2 2 2
14649781 1 1 1
14649938 3 3 3
14650149 2 2 2
14650356 2 2 2
14650513 1 1 1
14650684 1 1 1
14650790 1 1 1
14651043 1 1 1
14651115 1 1 1
14651192 1 1 1
14651500 2 2 2
14651974 1 1 1
14652176 2 2 2
14652367 1 1 1
14652602 2 2 2
14652927 1 1 1
14652956 1 1 1
14652972 1 1 1
14653363 2 2 2
14653498 1 1 1
14653804 1 1 1
14654585 3 3 3
14654622 1 1 1
14654735 1 1 1
14654931 2 2 2
14655021 1 1 1
14655035 1 1 1
14655750 1 1 1
14655788 1 1 1
14655869 1 1 1
14656474 2 2 2
14656876 1 1 1
14657132 2 2 2
14657247 1 1 1
14657422 1 1 1
14657424 1 1 1
14657832 1 1 1
14658109 2 2 2
14658140 1 1 1
14658222 1 1 1
14658290 4 4 4
14658411 1 1 1
14658582 1 1 1
14658605 2 2 2
14658788 3 3 3
14658860 2 2 2
14658875 2 2 2
14658964 3 3 3
14660367 1 1 1
14660822 1 1 1
14660867 1 1 1
14660875 2 2 2
14661301 4 4 4
14661594 1 1 1
14661604 1 1 1
14661705 1 1 1
14661838 1 1 1
14661947 1 1 1
14662132 1 1 1
14662250 3 3 3
14662365 1 1 1
14662560 5 6 5
14662718 3 3 3
14662757 1 1 1
14663102 3 3 3
14663246 2 2 2
14663275 2 2 2
14663459 1 1 1
14663538 2 2 2
14663742 1 1 1
14663789 2 2 2
14663847 2 2 2
14663868 1 1 1
14664149 1 1 1
14664228 3 3 3
14664235 2 2 2
14664292 3 3 3
14664372 1 1 1
14664627 1 1 1
14664658 1 1 1
14665036 2 2 2
14665138 1 1 1
14665204 1 1 1
14665361 1 1 1
14665448 1 1 1
14665602 1 1 1
14665697 1 1 1
14665705 1 1 1
14665716 1 1 1
14666022 2 2 2
14666215 3 3 3
14666385 2 2 2
14666478 4 4 4
14666778 2 2 2
14666779 2 2 2
14667075 1 1 1
14667085 1 1 1
14667284 1 1 1
14667463 1 1 1
14667901 2 2 2
14667978 1 1 1
14668126 1 1 1
14668201 2 2 2
14668345 2 2 2
14668874 2 2 2
14668956 1 1 1
14669462 1 1 1
14669510 1 1 1
14669615 1 1 1
14669833 2 2 2
14669852 1 1 1
14670037 1 1 1
14670545 2 2 2
14670703 1 1 1
14671083 1 1 1
14671298 1 1 1
14671399 1 1 1
14671899 1 1 1
14671997 3 3 3
14672544 1 1 1
14672817 1 1 1
14673202 1 1 1
14673207 2 2 2
14673249 1 1 1
14673284 2 2 2
14673407 2 2 2
14673486 1 1 1
14673577 1 1 1
14673823 1 1 1
14674760 3 3 3
14675016 1 1 1
14675186 3 3 3
14675388 1 1 1
14675670 1 1 1
14675848 1 1 1
14675911 1 1 1
14675968 2 2 2
14676086 1 1 1
14676774 1 1 1
14676826 2 2 2
14677082 1 1 1
14677754 1 1 1
14677765 2 2 2
14678149 1 1 1
14678463 1 1 1
14678650 3 3 3
14679089 1 1 1
14679448 1 1 1
14679698 2 2 2
14679919 4 4 4
14680088 1 1 1
14680380 1 1 1
14680431 2 2 2
14680508 5 5 5
14680524 2 2 2
14680531 2 2 2
14681183 2 2 2
14681291 2 2 2
14681602 2 2 2
14681617 2 2 2
14681646 1 1 1
14681822 1 1 1
14682604 1 1 1
14683526 3 3 3
14684104 2 2 2
14685080 1 1 1
14687021 1 1 1
14687054 2 2 2
14687153 1 1 1
14687624 4 4 4
14687758 1 1 1
14687906 1 1 1
14688253 1 1 1
14688910 2 2 2
14689035 1 1 1
14689285 1 1 1
14689683 1 1 1
14689731 1 1 1
14689773 1 1 1
14690307 1 1 1
14691389 1 1 1
14691546 2 2 2
14691616 2 2 2
14693858 10 10 10
14693899 1 1 1
14694385 1 1 1
14694657 1 1 1
14695280 1 1 1
14695288 3 3 3
14696072 3 3 3
14697145 1 1 1
14697508 1 1 1
14697609 2 2 2
14698386 1 1 1
14698437 2 2 2
14698466 1 1 1
14698607 4 4 4
14699394 1 1 1
14699764 2 2 2
14699891 1 1 1
14701338 1 1 1
14701473 2 2 2
14702392 1 1 1
14702461 1 1 1
14702978 1 1 1
14703106 1 1 1
14703368 1 1 1
14703785 1 1 1
14703954 1 1 1
14704408 2 2 2
14704939 1 1 1
14705039 1 1 1
14705165 1 1 1
14705209 1 1 1
14705236 6 6 6
14705257 1 1 1
14705503 1 1 1
14705975 2 2 2
14706259 1 1 1
14708285 2 2 2
14709661 2 2 2
14710336 1 1 1
14710366 1 1 1
14712141 1 1 1
14712280 1 1 1
14712939 1 1 1
14714375 1 1 1
14715125 5 5 5
14715196 2 2 2
14715647 1 1 1
14715656 3 3 3
14715722 1 1 1
14715830 1 1 1
14715969 1 1 1
14716498 1 1 1
14716771 1 1 1
14717900 1 1 1
14718001 1 1 1
14718148 1 1 1
14719287 4 4 4
14719393 1 1 1
14719401 1 1 1
14719488 1 1 1
14719958 1 1 1
14720143 1 1 1
14720174 2 2 2
14720260 1 1 1
14720276 1 1 1
14720473 1 1 1
14720517 1 1 1
14720697 1 1 1
14720965 1 1 1
14721024 1 1 1
14721749 1 1 1
14722342 1 1 1
14723391 4 4 4
14724910 1 1 1
14725278 1 1 1
14725537 3 3 3
14726868 3 3 3
14727088 1 1 1
14727719 1 1 1
14728229 1 1 1
14729449 1 1 1
14730242 1 1 1
14736708 2 2 2
14736789 2 2 2
14737381 1 1 1
14738141 5 5 5
14739718 1 1 1
14740001 2 2 2
14743170 2 2 2
14743855 1 1 1
14744408 1 1 1
14744775 1 1 1
14744876 1 1 1
14745578 1 1 1
14746314 1 1 1
14748601 1 1 1
14748604 3 3 3
14749697 1 1 1
14749988 1 1 1
14750909 1 1 1
14752001 1 1 1
14752066 1 1 1
14752200 1 1 1
14752684 1 1 1
14752925 1 1 1
14753318 1 1 1
14753878 1 1 1
14753942 1 1 1
14754321 1 1 1
14755344 2 2 2
14756220 2 2 2
14756273 1 1 1
14757146 1 1 1
14757204 1 1 1
14757372 1 1 1
14757415 1 1 1
14757459 1 1 1
14757687 1 1 1
14757690 1 1 1
14757826 1 1 1
14758231 1 1 1
14758298 1 1 1
14759319 1 1 1
14759917 2 2 2
14761292 1 1 1
14761363 1 1 1
14761659 1 1 1
14762395 1 1 1
14762461 2 2 2
14763186 1 1 1
14763740 1 1 1
14763902 1 1 1
14764080 1 1 1
14764427 3 3 3
14764903 1 1 1
14764937 4 4 4
14765251 1 1 1
14765494 1 1 1
14765518 2 2 2
14765727 2 2 2
14765798 1 1 1
14765981 1 1 1
14766445 1 1 1
14766499 1 1 1
14766519 2 2 2
14766552 1 1 1
14766612 1 1 1
14766684 4 4 4
14766742 1 1 1
14766796 2 2 2
14767083 1 1 1
14767114 1 1 1
14767677 2 2 2
14767864 3 3 3
14767880 3 3 3
14768015 1 1 1
14768504 2 2 2
14768556 1 1 1
14768676 1 1 1
14768814 1 1 1
14768924 1 1 1
14769284 1 1 1
14769608 1 1 1
14769679 9 9 9
14769820 1 1 1
14770033 1 1 1
14770984 1 1 1
14771366 1 1 1
14771410 3 3 3
14771506 1 1 1
14771516 1 1 1
14771654 1 1 1
14771720 1 1 1
14771766 2 2 2
14771871 2 2 2
14772155 1 1 1
14772918 3 3 3
14773177 2 2 2
14773658 1 1 1
14774189 2 2 2
14775078 1 1 1
14775246 1 1 1
14776089 2 2 2
14776429 7 7 7
14777042 1 1 1
14777408 1 1 1
14778114 3 3 3
14778467 1 1 1
14779170 1 1 1
14779422 1 1 1
14780024 3 3 3
14780277 1 1 1
14780618 1 1 1
14780926 1 1 1
14781212 1 1 1
14782239 1 1 1
14782467 7 7 7
14782768 1 1 1
14782904 3 3 3
14782999 1 1 1
14783085 1 1 1
14783143 2 2 2
14783828 2 2 2
14784011 2 2 2
14784209 2 2 2
14784429 3 3 3
14785990 3 3 3
14786467 2 2 2
14786619 3 3 3
14789667 1 1 1
14790467 1 1 1
14791137 1 1 1
14791171 1 1 1
14792030 1 1 1
14796231 3 3 3
14797093 6 6 6
14797319 1 1 1
14797595 1 1 1
14798058 1 1 1
14798306 2 2 2
14798307 1 1 1
14798741 1 1 1
14798760 1 1 1
14798831 1 1 1
14799094 1 1 1
14799763 1 1 1
14800800 1 1 1
14800917 2 2 2
14801202 1 1 1
14801858 1 1 1
14803480 2 2 2
14803510 1 1 1
14803643 2 2 2
14803728 3 3 3
14803882 2 2 2
14803927 2 2 2
14804087 1 1 1
14804216 2 2 2
14804339 2 2 2
14805014 1 1 1
14805459 2 2 2
14805754 3 3 3
14805921 2 2 2
14808951 1 1 1
14811634 1 1 1
14812354 1 1 1
14812931 1 1 1
14813174 1 1 1
14813613 1 1 1
14814879 1 1 1
14816970 1 1 1
14816980 1 1 1
14817153 1 1 1
14817225 4 4 4
14818563 1 1 1
14818728 3 3 3
14819358 1 1 1
14819690 1 1 1
14819800 1 1 1
14821374 1 1 1
14821381 1 1 1
14821649 1 1 1
14822029 2 2 2
14822139 1 1 1
14823559 1 1 1
14823747 1 1 1
14824001 1 1 1
14825404 1 1 1
14825590 1 1 1
14825689 1 1 1
14826130 1 1 1
14826397 1 1 1
14826597 1 1 1
14827528 2 2 2
14829474 4 4 4
14829872 1 1 1
14831628 1 1 1
14831725 1 1 1
14834156 1 1 1
14834378 2 2 2
14835829 3 3 3
14836221 2 2 2
14836356 1 1 1
14836839 1 1 1
14838560 1 1 1
14840167 2 2 2
14840819 1 1 1
14841367 1 1 1
14841897 3 3 3
14842244 1 1 1
14844649 1 1 1
14846974 2 2 2
14847209 3 3 3
14849118 1 1 1
14849182 2 2 2
14849483 1 1 1
14850846 1 1 1
14851338 1 1 1
14851707 1 1 1
14851823 1 1 1
14851988 1 1 1
14853732 1 1 1
14853948 1 1 1
14854275 1 1 1
14855196 1 1 1
14855948 1 1 1
14856259 1 1 1
14857518 1 1 1
14857943 2 2 2
14858613 1 1 1
14858947 3 3 3
14859654 1 1 1
14859837 2 2 2
14860412 3 3 3
14860659 1 1 1
14860987 1 1 1
14861034 1 1 1
14861092 1 1 1
14862096 2 2 2
14862503 1 1 1
14862796 1 1 1
14862874 2 2 2
14863055 1 1 1
14863178 1 1 1
14863665 1 1 1
14864079 3 3 3
14864137 2 2 2
14864242 3 3 3
14864381 1 1 1
14864810 1 1 1
14865227 1 1 1
14865251 1 1 1
14865401 1 1 1
14865958 3 3 3
14866617 3 3 3
14866720 1 1 1
14866766 2 2 2
14867529 1 1 1
14868094 1 1 1
14868181 1 1 1
14868536 1 1 1
14870216 1 1 1
14870637 3 3 3
14871163 2 2 2
14871579 1 1 1
14872160 2 2 2
14874929 3 3 3
14875275 1 1 1
14875415 3 3 3
14875663 1 1 1
14875929 2 2 2
14876502 1 1 1
14877496 1 1 1
14877576 1 1 1
14878160 1 1 1
14878449 2 2 2
14880714 3 3 3
14880847 1 1 1
14881101 2 2 2
14881381 1 1 1
14881453 2 2 2
14881913 1 1 1
14882210 1 1 1
14882445 1 1 1
14883011 1 1 1
14883481 2 2 2
14883795 3 3 3
14884068 1 1 1
14884116 1 1 1
14884206 1 1 1
14884557 1 1 1
14884782 1 1 1
14884838 1 1 1
14886013 1 1 1
14886019 2 2 2
14886819 1 1 1
14888035 1 1 1
14888556 1 1 1
14892207 1 1 1
14892329 1 1 1
14892373 2 2 2
14892484 1 1 1
14893374 1 1 1
14895472 1 1 1
14896221 5 5 5
14896314 1 1 1
14897233 1 1 1
14897760 1 1 1
14897779 2 2 2
14897990 5 5 5
14898151 1 1 1
14898673 3 3 3
14899009 1 1 1
14900524 1 1 1
14900637 1 1 1
14900999 3 3 3
14901309 3 3 3
14901730 1 1 1
14904257 3 3 3
14904388 1 1 1
14904736 1 1 1
14905975 1 1 1
14906462 2 2 2
14906487 1 1 1
14906596 1 1 1
14906802 1 1 1
14907126 1 1 1
14907158 3 3 3
14907199 1 1 1
14907855 2 2 2
14907994 1 1 1
14908152 1 1 1
14908607 2 2 2
14908779 2 2 2
14908981 1 1 1
14909495 2 2 2
14909560 1 1 1
14910307 1 1 1
14910984 1 1 1
14911242 1 1 1
14912024 2 2 2
14912159 1 1 1
14912252 1 1 1
14912771 1 1 1
14913384 1 1 1
14913732 1 1 1
14914741 1 1 1
14915121 1 1 1
14915242 1 1 1
14915266 1 1 1
14915575 1 1 1
14915598 1 1 1
14916350 1 1 1
14916499 1 1 1
14916626 1 1 1
14917404 1 1 1
14917705 1 1 1
14918043 2 2 2
14918991 1 1 1
14919410 1 1 1
14921651 1 1 1
14921862 1 1 1
14922762 1 1 1
14922940 1 1 1
14923002 1 1 1
14923107 1 1 1
14924498 2 2 2
14924551 3 3 3
14926654 1 1 1
14926942 1 1 1
14927171 3 3 3
14927618 3 3 3
14927803 4 4 4
14928401 2 2 2
14928859 1 1 1
14930914 1 1 1
14931440 2 2 2
14931782 1 1 1
14932264 2 2 2
14933696 1 1 1
14934990 1 1 1
14936214 1 1 1
14936681 1 1 1
14936862 1 1 1
14937085 3 3 3
14938206 1 1 1
14938506 1 1 1
14938542 1 1 1
14938604 2 2 2
14940329 2 2 2
14940401 1 1 1
14940733 1 1 1
14940792 3 3 3
14941301 1 1 1
14941689 1 1 1
14941992 1 1 1
14941994 1 1 1
14943029 1 1 1
14943848 1 1 1
14943925 1 1 1
14945326 1 1 1
14947835 4 4 4
14948158 1 1 1
14948445 1 1 1
14948659 1 1 1
14948853 1 1 1
14948900 2 2 2
14949682 2 2 2
14950480 1 1 1
14952051 1 1 1
14952216 2 2 2
14953358 1 1 1
14954352 2 2 2
14954649 3 3 3
14954854 1 1 1
14954881 1 1 1
14955906 1 1 1
14956661 1 1 1
14958840 1 1 1
14959018 2 2 2
14959120 1 1 1
14959586 1 1 1
14960887 1 1 1
14962804 3 3 3
14962895 1 1 1
14965957 2 2 2
14966090 2 2 2
14966867 2 2 2
14968134 2 2 2
14968717 1 1 1
14968765 1 1 1
14968802 1 1 1
14971030 1 1 1
14971784 1 1 1
14973745 2 2 2
14974173 2 2 2
14974616 2 2 2
14974646 1 1 1
14974700 2 2 2
14974928 1 1 1
14975200 1 1 1
14975753 1 1 1
14975890 1 1 1
14976396 1 1 1
14977681 1 1 1
14977976 1 1 1
14978006 2 2 2
14978518 1 1 1
14978732 1 1 1
14979117 3 3 3
14980622 1 1 1
14980671 2 2 2
14981755 1 1 1
14982158 1 1 1
14982429 1 1 1
14982916 1 1 1
14983547 1 1 1
14983886 1 1 1
14984583 1 1 1
14986140 2 2 2
14986634 1 1 1
14988177 1 1 1
14988503 1 1 1
14989540 1 1 1
14989559 2 2 2
14990099 1 1 1
14990463 1 1 1
14993495 1 1 1
14996536 1 1 1
14996567 2 2 2
14997403 1 1 1
14998802 2 2 2
14999418 1 1 1
15003748 1 1 1
15003883 1 1 1
15004493 1 1 1
15005648 1 2 1
15006372 1 1 1
15006894 1 1 1
15007002 1 1 1
15007115 1 1 1
15007567 1 1 1
15008106 1 2 1
15008120 1 1 1
15008578 1 1 1
15008613 2 2 2
15008677 1 1 1
15009059 2 2 2
15010026 3 3 3
15010182 1 1 1
15010525 1 1 1
15010813 2 2 2
15011756 3 3 3
15011825 3 3 3
15011941 1 1 1
15012901 1 1 1
15015593 2 2 2
15016324 1 1 1
15016907 1 1 1
15018902 1 1 1
15020496 3 3 3
15021126 1 1 1
15021290 1 1 1
15021980 1 1 1
15022229 1 1 1
15024424 1 1 1
15024805 1 1 1
15026397 1 1 1
15027687 1 1 1
15027849 1 1 1
15029496 1 1 1
15031523 1 1 1
15032272 1 1 1
15032302 3 3 3
15033048 1 1 1
15033080 1 1 1
15033368 3 3 3
15034827 1 1 1
15037061 2 2 2
15037185 1 1 1
15037765 1 1 1
15038199 1 1 1
15038339 1 1 1
15038644 2 2 2
15038694 1 1 1
15038970 2 2 2
15039856 1 1 1
15042136 1 1 1
15042420 2 2 2
15042422 1 1 1
15043975 1 1 1
15043999 2 2 2
15044427 2 2 2
15045355 1 1 1
15046205 1 1 1
15046234 1 1 1
15046260 1 1 1
15046565 1 1 1
15046834 1 1 1
15048088 1 1 1
15048131 2 2 2
15050186 1 1 1
15050491 1 1 1
15051730 2 2 2
15055916 1 1 1
15056724 1 1 1
15056840 1 1 1
15057118 1 1 1
15057729 1 1 1
15058093 1 1 1
15059582 1 1 1
15060178 1 1 1
15060978 1 1 1
15063002 1 1 1
15064518 1 1 1
15066699 2 2 2
15067999 1 1 1
15069708 2 2 2
15071179 1 1 1
15072336 1 1 1
15072801 1 1 1
15073609 1 1 1
15074250 2 2 2
15075192 3 3 3
15077861 1 1 1
15077974 1 1 1
15078149 1 1 1
15078189 1 1 1
15079266 2 2 2
15079430 1 1 1
15079785 2 2 2
15079970 1 1 1
15081758 1 1 1
15082324 1 1 1
15083561 2 2 2
15084628 2 2 2
15084899 1 1 1
15085941 1 1 1
15087978 1 1 1
15088654 1 1 1
15089967 1 1 1
15090720 1 1 1
15091242 1 1 1
15092232 2 2 2
15094097 2 2 2
15095184 1 1 1
15096702 1 1 1
15096910 1 1 1
15097626 1 1 1
15097880 1 1 1
15097891 1 1 1
15097946 2 2 2
15097961 3 3 3
15098558 1 1 1
15098801 2 2 2
15099168 3 3 3
15099206 1 1 1
15099505 1 1 1
15099592 1 1 1
15101099 1 1 1
15102341 1 1 1
15102845 1 1 1
15103811 1 1 1
15104156 1 1 1
15104907 1 1 1
15105349 1 1 1
15106098 2 2 2
15106622 1 1 1
15107762 1 1 1
15109156 3 3 3
15110285 1 1 1
15111155 1 1 1
15111564 1 1 1
15113028 3 3 3
15116273 1 1 1
15118172 3 3 3
15123586 2 2 2
15126715 1 1 1
15127096 1 1 1
15129325 3 3 3
15130465 1 1 1
15131556 1 1 1
15132137 1 1 1
15132200 1 1 1
15134084 2 2 2
15134393 1 1 1
15137590 2 2 2
15138732 1 1 1
15138772 1 1 1
15140123 2 2 2
15140389 1 1 1
15147245 1 1 1
15150268 1 1 1
15151136 2 2 2
15151812 1 1 1
15153476 3 4 3
15154044 2 2 2
15157176 1 1 1
15158874 1 1 1
15159493 1 1 1
15159969 2 2 2
15163870 2 2 2
15165557 3 3 3
15166063 1 1 1
15166898 3 3 3
15167847 3 4 3
15168178 2 2 2
15168398 1 1 1
15169488 1 1 1
15169819 1 1 1
15171256 2 2 2
15171770 2 2 2
15172063 1 1 1
15172134 1 1 1
15172341 2 2 2
15172943 1 1 1
15173105 1 1 1
15173170 1 1 1
15173510 2 2 2
15173893 3 3 3
15173985 2 2 2
15174083 2 2 2
15174676 1 1 1
15174839 1 1 1
15175003 2 2 2
15175310 1 1 1
15175582 2 2 2
15176069 1 1 1
15176489 4 4 4
15176923 1 1 1
15177585 1 1 1
15177638 1 1 1
15177813 2 2 2
15178159 1 1 1
15178531 1 1 1
15180678 3 3 3
15180998 1 1 1
15181060 1 1 1
15181113 1 1 1
15181532 1 1 1
15181766 1 1 1
15183439 3 3 3
15183971 1 1 1
15183974 1 1 1
15184619 2 2 2
15184878 1 1 1
15185485 3 3 3
15185771 2 2 2
15185928 2 2 2
15185933 1 1 1
15186286 1 1 1
15186427 1 1 1
15186669 1 1 1
15186878 3 3 3
15186978 1 1 1
15187211 4 4 4
15187240 1 1 1
15187396 1 1 1
15188690 3 3 3
15188858 1 1 1
15189353 1 1 1
15189774 4 4 4
15190159 1 1 1
15191184 2 2 2
15192226 1 1 1
15192392 1 1 1
15192546 1 1 1
15193234 1 1 1
15194084 1 1 1
15194492 2 2 2
15195515 1 1 1
15195633 1 1 1
15196343 3 3 3
15196478 2 2 2
15196615 1 1 1
15196884 2 2 2
15196918 1 1 1
15198558 1 1 1
15200226 1 1 1
15200360 1 1 1
15200738 2 2 2
15201232 2 2 2
15201235 1 1 1
15202553 1 1 1
15202655 1 1 1
15202847 1 1 1
15203514 1 1 1
15204415 3 3 3
15205796 1 1 1
15206475 2 2 2
15206721 1 1 1
15208595 2 2 2
15209787 1 1 1
15210168 1 1 1
15210251 2 2 2
15210499 1 1 1
15210810 1 1 1
15211452 1 1 1
15211501 1 1 1
15212152 1 1 1
15212175 1 1 1
15212387 1 1 1
15213162 1 1 1
15213196 1 1 1
15214859 1 1 1
15215607 2 2 2
15216896 1 1 1
15217494 1 1 1
15218165 1 1 1
15218425 1 1 1
15218983 2 2 2
15219243 1 1 1
15219369 3 3 3
15219983 1 1 1
15221214 1 1 1
15222640 2 2 2
15223101 1 1 1
15223201 1 1 1
15224533 1 1 1
15224710 1 1 1
15225327 2 2 2
15227548 1 1 1
15227751 2 2 2
15229156 1 1 1
15231622 1 1 1
15232327 2 2 2
15232796 4 4 4
15232947 1 1 1
15234761 1 1 1
15235008 1 1 1
15235221 1 1 1
15236244 2 2 2
15237079 1 1 1
15238100 2 2 2
15238494 1 1 1
15240115 2 2 2
15241306 1 1 1
15246172 1 1 1
15247066 1 1 1
15247273 2 2 2
15247744 1 1 1
15248281 1 1 1
15249447 1 1 1
15250516 1 1 1
15251543 1 1 1
15252323 1 1 1
15253453 2 2 2
15254947 1 1 1
15257233 1 1 1
15257868 1 1 1
15259038 1 1 1
15259674 1 1 1
15265664 1 1 1
15265976 1 1 1
15266397 2 2 2
15267876 1 1 1
15267915 3 3 3
15269449 1 1 1
15270491 1 1 1
15270881 1 1 1
15273546 1 1 1
15278023 5 5 5
15279850 1 1 1
15280095 1 1 1
15280335 1 1 1
15281854 1 1 1
15282319 1 1 1
15283408 1 1 1
15283712 1 1 1
15286014 1 1 1
15287696 1 1 1
15289417 3 3 3
15295881 2 2 2
15295960 1 1 1
15295980 1 1 1
15297263 1 1 1
15297386 1 1 1
15297992 1 1 1
15298769 1 1 1
15300519 1 1 1
15305287 1 1 1
15307912 1 1 1
15309643 1 1 1
15311301 1 1 1
15314850 1 1 1
15315220 2 2 2
15318074 1 1 1
15318604 1 1 1
15319206 1 1 1
15320077 1 1 1
15321406 1 1 1
15327791 1 1 1
15334338 1 1 1
15334506 1 1 1
15334865 2 2 2
15334988 1 1 1
15336395 1 1 1
15337095 1 1 1
15341644 1 1 1
15341800 1 1 1
15342293 1 1 1
15342786 1 1 1
15343036 1 1 1
15343592 1 1 1
15343789 1 1 1
15344503 2 2 2
15348214 1 1 1
15348720 1 1 1
15348879 1 1 1
15349041 1 1 1
15349786 2 2 2
15350188 1 1 1
15350337 1 1 1
15352435 1 1 1
15354381 1 1 1
15354419 1 1 1
15355400 1 1 1
15355640 1 1 1
15356347 1 1 1
15357052 1 1 1
15357228 2 2 2
15357466 2 2 2
15357636 1 1 1
15358778 1 1 1
15359395 1 1 1
15361140 1 1 1
15361998 2 2 2
15362239 1 1 1
15364485 1 1 1
15364539 1 1 1
15366789 2 2 2
15368458 1 1 1
15368529 1 1 1
15368549 1 1 1
15368875 1 1 1
15369943 1 1 1
15370615 1 1 1
15371868 1 1 1
15372402 1 1 1
15373003 1 1 1
15373522 1 1 1
15374112 1 1 1
15380735 1 1 1
15380747 2 2 2
15381592 3 3 3
15384084 3 3 3
15384710 1 1 1
15385635 1 1 1
15385787 1 1 1
15391929 1 1 1
15394838 1 1 1
15396774 1 1 1
15396928 1 1 1
15400860 1 1 1
15404136 1 1 1
15405783 1 1 1
15408370 1 1 1
15408922 3 3 3
15409203 1 1 1
15409226 1 1 1
15409252 1 1 1
15410495 1 1 1
15411776 2 2 2
15411991 2 2 2
15412054 1 1 1
15413982 2 2 2
15414439 1 1 1
15415730 1 1 1
15417246 1 1 1
15417267 1 1 1
15419663 1 1 1
15420128 1 1 1
15422460 2 2 2
15423204 1 1 1
15424322 2 2 2
15426774 1 1 1
15427732 2 2 2
15429494 1 1 1
15430888 2 2 2
15431688 2 2 2
15432426 2 2 2
15432738 1 1 1
15436242 4 4 4
15439506 1 1 1
15441803 1 1 1
15441829 1 1 1
15443228 2 2 2
15444940 3 3 3
15447282 1 1 1
15447642 2 2 2
15447812 1 1 1
15452130 1 1 1
15452808 2 2 2
15455123 1 1 1
15455893 2 2 2
15456564 2 2 2
15458697 1 1 1
15462891 1 1 1
15464099 1 1 1
15465020 1 1 1
15465940 1 1 1
15466619 1 1 1
15470255 1 1 1
15472348 1 1 1
15483578 2 2 2
15487772 1 1 1
15488062 2 2 2
15489205 1 1 1
15490217 1 1 1
15490599 1 1 1
15491371 1 1 1
15493398 3 3 3
15493783 2 2 2
15496301 1 1 1
15501509 4 4 4
15501529 1 1 1
15502684 1 1 1
15502848 1 1 1
15504589 1 1 1
15505427 1 1 1
15507517 1 1 1
15508581 1 1 1
15509957 2 2 2
15515274 3 3 3
15515553 1 1 1
15516686 1 1 1
15516813 2 2 2
15517192 1 1 1
15519315 1 1 1
15521620 1 1 1
15527110 2 2 2
15528128 1 1 1
15530012 2 2 2
15531895 1 1 1
15532706 1 1 1
15534573 1 1 1
15535181 2 2 2
15536001 1 1 1
15538871 1 1 1
15541559 2 2 2
15541899 1 1 1
15542683 2 2 2
15546160 1 1 1
15546643 2 2 2
15546713 1 1 1
15546981 2 2 2
15547395 1 1 1
15547409 1 1 1
15549797 2 2 2
15552958 1 1 1
15555674 4 4 4
15560054 2 2 2
15561278 2 2 2
15562078 1 1 1
15562316 2 2 2
15562394 1 1 1
15563450 1 1 1
15564768 2 2 2
15565074 1 1 1
15565612 1 1 1
15571463 5 5 5
15571647 3 3 3
15571859 1 1 1
15572175 1 1 1
15572217 1 1 1
15574061 2 2 2
15574267 1 1 1
15577479 1 1 1
15579005 1 1 1
15579350 1 1 1
15579449 2 2 2
15579770 2 2 2
15580471 1 1 1
15580756 1 1 1
15580784 2 2 2
15581037 3 3 3
15581069 1 1 1
15582546 2 2 2
15583949 1 1 1
15584528 1 1 1
15584797 2 2 2
15586934 1 1 1
15588113 2 2 2
15590829 2 2 2
15593217 1 1 1
15593993 1 1 1
15594362 1 1 1
15594600 1 1 1
15595522 1 1 1
15595547 1 1 1
15595783 1 1 1
15596356 1 1 1
15597552 1 1 1
15598468 1 1 1
15598762 1 1 1
15599573 1 1 1
15600138 1 1 1
15601471 1 1 1
15601789 1 1 1
15603812 1 1 1
15604823 1 1 1
15606086 1 1 1
15610126 1 1 1
15610238 1 1 1
15612046 1 1 1
15613857 1 1 1
15613903 2 2 2
15615430 1 1 1
15615739 2 2 2
15616239 1 1 1
15617357 1 1 1
15618388 1 1 1
15619248 1 1 1
15624334 1 1 1
15625313 1 1 1
15625931 1 1 1
15627473 2 2 2
15631078 1 1 1
15631120 2 2 2
15631650 3 3 3
15632015 1 1 1
15632221 1 1 1
15633502 1 1 1
15633584 2 2 2
15637719 1 1 1
15638674 1 1 1
15643719 1 1 1
15647447 2 2 2
15647689 1 1 1
15648111 1 1 1
15650445 1 1 1
15652621 1 2 1
15653733 1 1 1
15654355 3 3 3
15655020 1 1 1
15656463 1 1 1
15656662 1 1 1
15657769 2 2 2
15658050 1 1 1
15659502 1 1 1
15660817 1 1 1
15661487 1 1 1
15662226 1 1 1
15662482 1 1 1
15662509 2 2 2
15662596 1 1 1
15664315 1 1 1
15664535 1 1 1
15666382 1 1 1
15666562 1 1 1
15667165 1 1 1
15667441 3 3 3
15667828 1 1 1
15671190 2 2 2
15671583 1 1 1
15673959 1 1 1
15678364 1 1 1
15678646 1 1 1
15680271 2 2 2
15680715 1 1 1
15681331 2 2 2
15681984 2 2 2
15682020 1 1 1
15682259 1 1 1
15682900 1 1 1
15685261 1 1 1
15687339 2 2 2
15688250 1 1 1
15688387 2 2 2
15688969 1 1 1
15690155 1 1 1
15693916 1 1 1
15694585 1 1 1
15694766 1 1 1
15697628 2 3 2
15698352 1 1 1
15699129 1 1 1
15699298 1 1 1
15700407 1 1 1
15701070 1 1 1
15701449 1 1 1
15701620 1 1 1
15705099 1 1 1
15705278 1 1 1
15707605 1 1 1
15712187 1 1 1
15712878 2 2 2
15715400 1 1 1
15715407 1 1 1
15715444 1 1 1
15716707 2 2 2
15717043 1 1 1
15718213 1 1 1
15719360 1 1 1
15724042 1 1 1
15725615 1 1 1
15732261 2 2 2
15733177 1 1 1
15733972 3 3 3
15734869 1 1 1
15739096 2 2 2
15739169 1 1 1
15742159 2 2 2
15742284 1 1 1
15745490 1 1 1
15747475 1 1 1
15748417 1 1 1
15750812 2 2 2
15752224 1 1 1
15753241 1 1 1
15753294 1 1 1
15753372 1 1 1
15754553 2 2 2
15762365 1 1 1
15763924 1 1 1
15764012 1 1 1
15764356 1 1 1
15764991 1 1 1
15765368 2 2 2
15765570 1 1 1
15766139 1 1 1
15766850 2 2 2
15767589 2 2 2
15772545 1 1 1
15773117 2 2 2
15774082 1 1 1
15779589 1 1 1
15780412 2 2 2
15782880 1 1 1
15783517 1 1 1
15784421 1 1 1
15784976 1 1 1
15785095 2 2 2
15785670 1 1 1
15786258 1 1 1
15787783 1 1 1
15787924 1 1 1
15788371 1 1 1
15789105 1 1 1
15789789 1 1 1
15790854 1 1 1
15796022 1 1 1
15796565 1 1 1
15797419 1 1 1
15798260 3 3 3
15799258 1 1 1
15800307 1 1 1
15802347 1 1 1
15803202 1 1 1
15803442 1 1 1
15803671 1 1 1
15805273 2 2 2
15809714 1 1 1
15813375 3 3 3
15813504 1 1 1
15815939 1 1 1
15816571 1 1 1
15819899 2 2 2
15821751 1 1 1
15824120 2 2 2
15824229 2 2 2
15824254 1 1 1
15824758 1 1 1
15826811 1 1 1
15828116 1 1 1
15829240 1 1 1
15829328 2 2 2
15829430 1 1 1
15833930 1 1 1
15834815 1 1 1
15836047 1 1 1
15837406 1 1 1
15838234 1 1 1
15839668 1 1 1
15840294 1 1 1
15842049 1 1 1
15842165 2 2 2
15843754 1 1 1
15849243 1 1 1
15852337 1 1 1
15861819 1 1 1
15866832 1 1 1
15866946 1 1 1
15868476 1 1 1
15868667 1 1 1
15876504 1 1 1
15877133 3 3 3
15883014 1 1 1
15884246 1 1 1
15886916 1 1 1
15887339 1 1 1
15887777 1 1 1
15888720 1 1 1
15890665 1 1 1
15891281 1 1 1
15891419 1 1 1
15892934 1 1 1
15893972 1 1 1
15894556 1 1 1
15895106 1 1 1
15896148 1 1 1
15896221 2 2 2
15896858 1 1 1
15897989 1 1 1
15899046 1 1 1
15899445 2 2 2
15901040 1 1 1
15902587 1 1 1
15906251 1 1 1
15909906 1 1 1
15911048 1 1 1
15913045 1 1 1
15914595 1 1 1
15920118 1 1 1
15920491 1 1 1
15925878 3 3 3
15925985 1 1 1
15926934 1 1 1
15932314 1 1 1
15933609 1 1 1
15934455 1 1 1
15936859 1 1 1
15941581 1 1 1
15942175 1 2 1
15942747 1 1 1
15942915 1 1 1
15944902 1 1 1
15945250 1 1 1
15945448 1 1 1
15949825 1 1 1
15950233 1 1 1
15951782 1 1 1
15952854 1 1 1
15957822 1 1 1
15959687 3 3 3
15959913 1 1 1
15961834 1 1 1
15967206 1 1 1
15970619 1 1 1
15971328 1 1 1
15972248 1 1 1
15973554 1 1 1
15974622 1 1 1
15974749 1 1 1
15978133 1 1 1
15978798 1 1 1
15982126 2 2 2
15983075 1 1 1
15983150 1 1 1
15986058 1 1 1
15987227 1 1 1
15992819 1 1 1
15994004 1 1 1
15994704 1 1 1
15995735 1 1 1
15996526 1 1 1
15999421 1 1 1
16000288 1 1 1
16002386 1 1 1
16005278 1 1 1
16006214 1 1 1
16006616 1 1 1
16008782 3 3 3
16012273 1 1 1
16013866 1 1 1
16015588 1 1 1
16016304 1 1 1
16017473 3 3 3
16020077 3 3 3
16021640 1 1 1
16021771 1 1 1
16022173 1 1 1
16022847 1 1 1
16024423 1 1 1
16025718 1 1 1
16027477 1 1 1
16032219 1 1 1
16035160 1 1 1
16035488 1 1 1
16035879 2 2 2
16039469 1 1 1
16040811 1 1 1
16041101 1 1 1
16041731 1 1 1
16043484 1 1 1
16044860 1 1 1
16046108 5 5 5
16046134 1 1 1
16046941 1 1 1
16047844 1 1 1
16047882 1 1 1
16049229 1 1 1
16049295 1 1 1
16049323 1 1 1
16050514 1 1 1
16050857 1 1 1
16050923 1 1 1
16051272 1 1 1
16052577 2 2 2
16053205 1 1 1
16053224 1 1 1
16053255 3 3 3
16054072 1 1 1
16056301 1 1 1
16059685 1 1 1
16059813 2 2 2
16060971 1 1 1
16062020 1 1 1
16062224 1 1 1
16065042 1 1 1
16067114 1 1 1
16068022 1 1 1
16068468 1 1 1
16068691 1 1 1
16069841 1 1 1
16084755 1 1 1
16089408 1 1 1
16093231 1 1 1
16095268 1 1 1
16098190 1 1 1
16099181 1 1 1
16106097 1 1 1
16107177 1 1 1
16113365 1 1 1
16116944 1 1 1
16117176 1 1 1
16120789 1 1 1
16122859 1 1 1
16124682 3 3 3
16124805 1 1 1
16128871 1 1 1
16130722 1 1 1
16131878 2 2 2
16135510 2 2 2
16137266 1 1 1
16138686 1 1 1
16141190 1 1 1
16141610 1 1 1
16144161 1 1 1
16145274 1 1 1
16145954 1 1 1
16150914 1 1 1
16153275 1 1 1
16157977 1 1 1
16161933 1 1 1
16163038 1 1 1
16164761 1 1 1
16165482 3 3 3
16167344 1 1 1
16176294 1 1 1
16176705 1 1 1
16177262 1 1 1
16177616 1 1 1
16181792 1 1 1
16183423 4 4 4
16185956 1 1 1
16186800 1 1 1
16187386 1 1 1
16187782 1 1 1
16190063 1 1 1
16191044 1 1 1
16192647 1 1 1
16192728 1 1 1
16195356 1 1 1
16195959 1 1 1
16196511 1 1 1
16196930 2 2 2
16201335 1 1 1
16201989 1 1 1
16202830 1 1 1
16206667 1 1 1
16207381 1 1 1
16209526 1 1 1
16212868 1 1 1
16215906 1 1 1
16218502 1 1 1
16218717 1 1 1
16220307 1 1 1
16222416 1 1 1
16224783 1 1 1
16229830 1 1 1
16241446 1 1 1
16243272 1 1 1
16245868 1 1 1
16247372 1 1 1
16252562 1 1 1
16255934 1 1 1
16255995 1 1 1
16256021 1 1 1
16257740 1 1 1
16260027 1 1 1
16264149 1 1 1
16265837 1 1 1
16271883 1 1 1
16272591 1 1 1
16272626 2 2 2
16272718 1 1 1
16272899 1 1 1
16272940 1 1 1
16273411 1 1 1
16274467 1 1 1
16274553 5 5 5
16274703 1 1 1
16275165 4 4 4
16275474 2 2 2
16277583 1 1 1
16277859 1 1 1
16279712 1 1 1
16280762 1 1 1
16281309 1 1 1
16282578 1 1 1
16283322 1 1 1
16283489 1 1 1
16288519 2 2 2
16288897 1 1 1
16295604 1 1 1
16297011 1 1 1
16297293 1 1 1
16298906 1 1 1
16299848 1 1 1
16302395 1 1 1
16303314 1 1 1
16303927 1 1 1
16305304 1 1 1
16306561 1 1 1
16307155 1 1 1
16307376 1 1 1
16307520 2 2 2
16310847 1 1 1
16313118 1 1 1
16313629 1 1 1
16315334 1 1 1
16316897 1 1 1
16318219 1 1 1
16318250 4 4 4
16318267 1 1 1
16319356 1 1 1
16319630 1 1 1
16320484 1 1 1
16321891 2 2 2
16325315 1 1 1
16326706 1 1 1
16329258 1 1 1
16330390 2 2 2
16331093 1 1 1
16331169 1 1 1
16331977 1 1 1
16332802 1 1 1
16334467 1 1 1
16335586 1 1 1
16338218 2 2 2
16344836 1 1 1
16349110 1 1 1
16350757 1 1 1
16351201 1 1 1
16353743 1 1 1
16354086 1 1 1
16354694 1 1 1
16358237 1 1 1
16358343 2 2 2
16361692 1 1 1
16363988 1 1 1
16365774 3 3 3
16365824 1 1 1
16366447 2 2 2
16367672 2 2 2
16368075 1 1 1
16368094 1 1 1
16368740 1 1 1
16369492 1 1 1
16371348 1 1 1
16373588 1 1 1
16376336 1 1 1
16378231 1 1 1
16379808 1 1 1
16384310 1 1 1
16388353 1 1 1
16389242 1 1 1
16391982 1 1 1
16394946 1 1 1
16402775 1 1 1
16406038 1 1 1
16406620 1 1 1
16408092 1 1 1
16408938 1 1 1
16409972 1 1 1
16411589 1 1 1
16411865 1 1 1
16412000 1 1 1
16414655 1 1 1
16414686 1 1 1
16416131 1 1 1
16417541 2 2 2
16420856 2 2 2
16423233 1 1 1
16425226 1 1 1
16431534 1 1 1
16437966 2 2 2
16446229 1 1 1
16452556 1 1 1
16457021 1 1 1
16459898 1 1 1
16460636 1 1 1
16464843 1 1 1
16473027 1 1 1
16476587 1 1 1
16484964 1 1 1
16487160 1 1 1
16491935 1 1 1
16494816 1 1 1
16495015 1 1 1
16496645 1 1 1
16496849 1 1 1
16499696 1 1 1
16511442 1 1 1
16514823 1 1 1
16517654 2 2 2
16522430 1 1 1
16527803 1 1 1
16538150 1 1 1
16543502 1 1 1
16544124 1 1 1
16547193 2 2 2
16549004 1 1 1
16555615 1 1 1
16556778 1 1 1
16558563 2 2 2
16558965 1 1 1
16563704 1 1 1
16563955 1 1 1
16564103 1 1 1
16568679 1 1 1
16573633 1 1 1
16581928 2 2 2
16582054 1 1 1
16584103 1 1 1
16587616 1 1 1
16591305 1 1 1
16591394 1 1 1
16594367 1 1 1
16595287 1 1 1
16596943 1 1 1
16597322 1 1 1
16597687 1 1 1
16601676 1 1 1
16603498 1 1 1
16608981 2 2 2
16609057 1 1 1
16611252 2 2 2
16611362 2 2 2
16611603 1 1 1
16612027 1 1 1
16612386 1 1 1
16613844 2 2 2
16614220 1 1 1
16614472 1 1 1
16614869 1 1 1
16615433 1 1 1
16615948 1 1 1
16616343 1 1 1
16616756 1 1 1
16618168 1 1 1
16622108 1 1 1
16624038 2 2 2
16628052 1 1 1
16630085 1 1 1
16632038 1 1 1
16637378 1 1 1
16638070 1 1 1
16638433 1 1 1
16638441 1 1 1
16642378 2 2 2
16644796 1 1 1
16649832 1 1 1
16653871 1 1 1
16659180 1 1 1
16664529 1 1 1
16664540 1 1 1
16665003 1 1 1
16666525 1 1 1
16670428 1 1 1
16671729 1 1 1
16673316 1 1 1
16675551 1 1 1
16679268 1 1 1
16681196 1 1 1
16681922 2 2 2
16689841 1 1 1
16691442 1 1 1
16699292 1 1 1
16710910 1 1 1
16721353 1 1 1
16730108 1 1 1
16735341 1 1 1
16736435 2 2 2
16736777 1 1 1
16741599 1 1 1
16743208 1 1 1
16744815 1 1 1
16749998 1 1 1
16755216 1 1 1
16763015 1 1 1
16764287 1 1 1
16767297 1 1 1
16769980 2 2 2
16771383 1 1 1
16774306 1 1 1
16775065 1 1 1
16775684 1 1 1
16776128 1 1 1
16777403 1 1 1
16777414 1 1 1
16777593 1 1 1
16779899 1 1 1
16781840 1 1 1
16782041 1 1 1
16784374 1 1 1
16785303 1 1 1
16786232 1 1 1
16788235 2 2 2
16806637 1 1 1
16814118 1 1 1
16817220 1 1 1
16824428 1 1 1
16825143 1 1 1
16827030 1 1 1
16828784 1 1 1
16837098 1 1 1
16838626 2 2 2
16848891 1 1 1
16858702 1 1 1
16862099 1 1 1
16863116 1 1 1
16868123 1 1 1
16874216 1 1 1
16876135 2 2 2
16880379 1 1 1
16883576 1 2 1
16887271 1 1 1
16892426 1 1 1
16907666 1 1 1
16913804 1 1 1
16918385 1 1 1
16918684 1 1 1
16925476 1 1 1
16927868 1 1 1
16928505 1 1 1
16940472 1 1 1
16943007 1 1 1
16943764 1 1 1
16947213 1 1 1
16956539 1 1 1
16964137 1 1 1
16973306 1 1 1
16980118 1 1 1
16981073 1 1 1
16988871 1 1 1
16995828 1 1 1
17014504 2 2 2
17016446 1 1 1
17019136 1 1 1
17020386 1 1 1
17028783 1 1 1
17030607 1 1 1
17035114 1 1 1
17041036 1 1 1
17047705 1 1 1
17049922 1 1 1
17051045 1 1 1
17058879 1 1 1
17060898 1 1 1
17063068 1 1 1
17064663 1 1 1
17065006 1 1 1
17065204 1 1 1
17067111 1 1 1
17068337 1 1 1
17071224 1 1 1
17072010 1 1 1
17072094 1 1 1
17072561 1 1 1
17075387 1 1 1
17081260 1 1 1
17081512 1 1 1
17082174 1 1 1
17082737 1 1 1
17084598 1 1 1
17087354 1 1 1
17088817 1 1 1
17089011 1 1 1
17095248 1 1 1
17104526 1 1 1
17105807 1 1 1
17107498 1 1 1
17115930 1 1 1
17132750 1 1 1
17147735 1 1 1
17162502 1 1 1
17167648 1 1 1
17175614 1 1 1
17181802 3 3 3
17183518 1 1 1
17188699 1 1 1
17209033 2 2 2
17216654 1 1 1
17220054 2 2 2
17232955 1 1 1
17237600 1 1 1
17244004 1 2 1
17246749 1 1 1
17250213 2 2 2
17251928 2 2 2
17252481 1 1 1
17252914 1 1 1
17263642 1 1 1
17263705 1 1 1
17265292 1 1 1
17270055 1 1 1
17279292 1 1 1
17279811 1 1 1
17283951 1 1 1
17284057 2 2 2
17285704 1 1 1
17286009 1 1 1
17288191 1 1 1
17292004 2 2 2
17300460 1 1 1
17301424 2 2 2
17302306 1 1 1
17304875 1 1 1
17305901 1 1 1
17306957 1 1 1
17310919 1 1 1
17313213 1 1 1
17315840 1 1 1
17322916 1 1 1
17326288 1 1 1
17328489 1 1 1
17348295 1 1 1
17349424 1 1 1
17362615 1 1 1
17365145 1 1 1
17372360 1 2 1
17372578 1 1 1
17374900 1 1 1
17378689 1 1 1
17389017 1 1 1
17404643 1 1 1
17405410 1 1 1
17405980 1 1 1
17406844 3 3 3
17407514 2 2 2
17409633 1 1 1
17410211 1 1 1
17411403 1 1 1
17412028 1 1 1
17412346 1 1 1
17415524 1 1 1
17419431 1 1 1
17419660 1 1 1
17422776 1 1 1
17430761 1 1 1
17447599 1 1 1
17452180 1 1 1
17454869 1 1 1
17460169 1 1 1
17460171 1 1 1
17466308 1 1 1
17466576 1 1 1
17468663 1 1 1
17469804 1 1 1
17472929 1 1 1
17474369 1 1 1
17478773 1 1 1
17479502 1 1 1
17481626 1 1 1
17483090 1 1 1
17484030 1 1 1
17487905 1 1 1
17491112 1 1 1
17506371 2 2 2
17506385 1 1 1
17511251 1 1 1
17512361 1 1 1
17514020 2 2 2
17516108 1 1 1
17517662 1 1 1
17538015 1 1 1
17538660 1 1 1
17539291 1 1 1
17550694 1 1 1
17555429 1 1 1
17559473 1 1 1
17566824 2 2 2
17570429 1 1 1
17572682 1 1 1
17580890 1 1 1
17582750 1 1 1
17583450 1 1 1
17583588 1 1 1
17586089 1 1 1
17591064 1 1 1
17596785 3 3 3
17598545 2 2 2
17605885 2 2 2
17608451 1 1 1
17609412 1 1 1
17610336 1 1 1
17612424 1 1 1
17615803 1 1 1
17618930 2 2 2
17625480 1 1 1
17626344 1 1 1
17629618 1 1 1
17649663 1 1 1
17649754 1 1 1
17657259 1 1 1
17659782 2 2 2
17662278 1 1 1
17663010 1 1 1
17664423 1 1 1
17669091 1 1 1
17673490 1 1 1
17678098 1 1 1
17678263 1 1 1
17682699 1 1 1
17686683 1 1 1
17687231 1 1 1
17687612 1 1 1
17689802 1 1 1
17693546 1 1 1
17695372 1 1 1
17697160 1 1 1
17704811 1 1 1
17704832 1 1 1
17710885 1 1 1
17712748 2 2 2
17715863 1 1 1
17719230 1 1 1
17737629 2 2 2
17738265 2 2 2
17742463 1 1 1
17748630 1 1 1
17755370 1 1 1
17771894 1 1 1
17772628 1 1 1
17786918 1 1 1
17792082 1 1 1
17806201 1 1 1
17811816 2 2 2
17812877 1 1 1
17814951 1 1 1
17816433 2 2 2
17817708 1 1 1
17823368 1 1 1
17834589 1 1 1
17844307 1 1 1
17861448 1 1 1
17870595 1 1 1
17872980 1 1 1
17873195 1 1 1
17875754 1 1 1
17881776 1 1 1
17886044 1 1 1
17886551 1 1 1
17887900 1 1 1
17893641 1 1 1
17894086 1 1 1
17898746 1 1 1
17902120 1 1 1
17902444 2 2 2
17907719 1 1 1
17908055 1 1 1
17909178 1 1 1
17911619 1 1 1
17913565 1 1 1
17916158 1 1 1
17917318 1 1 1
17919166 1 1 1
17933357 1 1 1
17935227 1 1 1
17941537 1 1 1
17942627 1 1 1
17946065 1 1 1
17949602 1 1 1
17956000 1 1 1
17964472 1 1 1
17973895 1 1 1
17980364 2 2 2
17993280 1 1 1
17993972 1 1 1
17999721 1 1 1
18000150 1 1 1
18007470 1 1 1
18010012 1 1 1
18012597 2 2 2
18012753 1 1 1
18018554 1 1 1
18026942 1 1 1
18030602 1 1 1
18059623 1 1 1
18059708 1 1 1
18060465 2 2 2
18065949 1 1 1
18065986 1 1 1
18070188 1 1 1
18078572 1 1 1
18086526 1 1 1
18090662 2 2 2
18092408 1 1 1
18094811 1 1 1
18105836 1 1 1
18109495 1 1 1
18129730 1 1 1
18165431 1 1 1
18169478 1 1 1
18175838 1 1 1
18193987 1 1 1
18197283 1 1 1
18208843 1 1 1
18213292 1 1 1
18214801 1 1 1
18215259 1 1 1
18219530 2 2 2
18243468 1 1 1
18256725 1 1 1
18289744 1 1 1
18290530 1 1 1
18299134 1 1 1
18301281 1 1 1
18309057 7 7 7
18309707 2 2 2
18317275 3 3 3
18326424 1 1 1
18329568 1 1 1
18333664 1 1 1
18336177 1 1 1
18337152 1 1 1
18338733 1 1 1
18341690 2 2 2
18345375 1 1 1
18349427 1 1 1
18352010 1 1 1
18353376 1 1 1
18357406 1 1 1
18359829 1 1 1
18369038 1 1 1
18373743 1 1 1
18378355 1 1 1
18378403 1 1 1
18383968 1 1 1
18385445 1 1 1
18394154 1 1 1
18408821 1 1 1
18413281 1 1 1
18415648 1 1 1
18420514 1 1 1
18426924 1 1 1
18438878 1 1 1
18439529 1 1 1
18440048 1 1 1
18440898 1 1 1
18441109 1 1 1
18444064 1 1 1
18452894 1 1 1
18453653 1 1 1
18456779 1 1 1
18464073 1 1 1
18466396 1 1 1
18467062 1 1 1
18468556 1 1 1
18485478 1 1 1
18504024 2 2 2
18516429 1 1 1
18524140 1 1 1
18534300 1 1 1
18540840 1 1 1
18558177 1 1 1
18559487 1 1 1
18562623 1 1 1
18564651 1 1 1
18569941 1 1 1
18589800 1 1 1
18592712 1 1 1
18595640 1 1 1
18601713 1 1 1
18609112 1 1 1
18610922 1 1 1
18616817 1 1 1
18622919 1 1 1
18636256 1 1 1
18642296 1 1 1
18647448 1 1 1
18651785 1 1 1
18653469 1 1 1
18656605 1 1 1
18656988 2 2 2
18667049 1 1 1
18675143 1 1 1
18680536 1 1 1
18709426 1 1 1
18725024 1 1 1
18729271 1 1 1
18734742 1 1 1
18743311 1 1 1
18746041 1 1 1
18746287 2 2 2
18750669 1 1 1
18758396 1 1 1
18768775 1 1 1
18770348 2 2 2
18779870 1 1 1
18798447 2 2 2
18798497 1 1 1
18798605 3 3 3
18812678 1 1 1
18826166 1 1 1
18826654 1 1 1
18836804 1 1 1
18842749 1 1 1
18855491 1 1 1
18926834 1 1 1
18938907 1 1 1
18938919 1 1 1
18945267 1 1 1
18973659 1 1 1
18974091 2 2 2
18991831 1 1 1
18991844 1 1 1
18992860 1 1 1
18998847 1 1 1
18998859 1 1 1
19001437 1 1 1
19005799 1 1 1
19017238 4 4 4
19029875 1 1 1
19036654 1 1 1
19061503 1 1 1
19063521 1 1 1
19072749 1 1 1
19102289 1 1 1
19108787 1 1 1
19108981 1 1 1
19112334 1 1 1
19112596 1 1 1
19112613 1 1 1
19122101 1 1 1
19124899 1 1 1
19131050 1 1 1
19137060 1 1 1
19145922 1 1 1
19148487 1 1 1
19150048 1 1 1
19151422 1 1 1
19162291 1 1 1
19162317 1 1 1
19162735 1 1 1
19191332 1 1 1
19212225 1 1 1
19236503 1 1 1
19259494 1 1 1
19288405 1 1 1
19295206 1 1 1
19299148 2 2 2
19307030 2 2 2
19309260 1 1 1
19310517 2 2 2
19382646 1 1 1
19385881 1 1 1
19406837 1 1 1
19418044 1 1 1
19426384 1 1 1
19483206 1 1 1
19494305 1 1 1
19498141 1 1 1
19509079 1 1 1
19509590 2 2 2
19517429 1 1 1
19537404 1 1 1
19580687 1 1 1
19582417 1 1 1
19583666 1 1 1
19587535 1 1 1
19589685 1 1 1
19593077 1 1 1
19593383 1 1 1
19594486 1 1 1
19598359 1 1 1
19603311 2 2 2
19605810 1 1 1
19605899 1 1 1
19619188 1 1 1
19619481 1 1 1
19629877 1 1 1
19641783 1 1 1
19646445 1 1 1
19650155 1 1 1
19665596 1 1 1
19667913 1 1 1
19678639 1 1 1
19687385 1 1 1
19715232 1 1 1
19718176 1 1 1
19763351 2 2 2
19770502 1 1 1
19779395 1 1 1
19787965 1 1 1
19810983 1 1 1
19817315 1 1 1
19821664 1 1 1
19848535 1 1 1
19859986 1 1 1
19875073 1 1 1
19883606 1 1 1
19898916 1 1 1
19929826 1 1 1
19936138 1 1 1
19944558 1 1 1
19952116 1 1 1
19979016 1 1 1
19995943 1 1 1
20018221 1 1 1
20022806 1 1 1
20045076 1 1 1
20049042 1 1 1
20087993 1 1 1
20103191 1 1 1
20103275 1 1 1
20106004 1 1 1
20119414 1 1 1
20133626 1 1 1
20158445 1 1 1
20192625 1 1 1
20198500 1 1 1
20216125 1 1 1
20222171 1 1 1
20269032 1 1 1
20270850 1 1 1
20278782 1 1 1
20297638 1 2 1
20419972 1 1 1
20447722 1 1 1
20455030 1 1 1
20458849 1 1 1
20460022 1 1 1
20503069 1 1 1
20513902 1 1 1
20552472 1 1 1
20556244 1 1 1
20558026 1 1 1
20637655 1 1 1
20711625 1 1 1
20714431 1 1 1
20719066 1 1 1
20736482 1 1 1
20744291 1 1 1
20785370 1 1 1
20805569 1 1 1
20826597 1 1 1
20847901 1 1 1
20866492 1 1 1
20890312 1 1 1
20911092 1 1 1
20948999 1 1 1
20952466 1 1 1
20960199 1 1 1
21009314 1 1 1
21039423 1 1 1
21076467 1 1 1
21102935 1 1 1
21189629 1 1 1
21231509 1 1 1
21241798 1 1 1
21242147 1 1 1
21249525 1 1 1
21297639 1 1 1
21298468 1 1 1
21300916 1 1 1
21311146 1 1 1
21339894 1 1 1
21402350 2 2 2
21461685 1 1 1
21477477 1 1 1
21486170 1 1 1
21498289 1 1 1
21512482 1 1 1
21525316 1 1 1
21564387 1 1 1
21595016 1 1 1
21632626 1 1 1
21637167 1 1 1
21652448 1 1 1
21786251 1 1 1
21913018 1 1 1
21974149 1 1 1
21996322 1 1 1
22018790 1 1 1
22127687 1 1 1
22186875 1 1 1
22265721 1 1 1
22288359 1 1 1
22311561 1 1 1
22373903 1 1 1
22378363 1 1 1
22382681 1 1 1
22409564 1 1 1
22417460 1 1 1
22500637 1 1 1
22525960 1 1 1
22555524 1 1 1
22574232 1 1 1
22615509 1 1 1
22642689 1 1 1
22655870 1 1 1
22759412 1 1 1
22825480 1 1 1
22838724 1 1 1
22877283 1 1 1
22943219 1 1 1
22994501 1 1 1
23005904 1 1 1
23008688 1 1 1
23056937 2 2 2
23129845 1 1 1
23138115 1 1 1
23171873 1 1 1
23179618 1 1 1
23268528 1 1 1
23278169 1 1 1
23287440 1 1 1
23310360 1 1 1
23311106 2 2 2
23343398 1 1 1
23343443 1 1 1
23393945 1 1 1
23399706 1 1 1
23434606 1 1 1
23435418 1 1 1
23541493 1 1 1
23549469 1 1 1
23587562 1 1 1
23595418 1 1 1
23603214 1 1 1
23654340 1 1 1
23661628 1 1 1
23693651 1 1 1
23755091 1 1 1
23756872 1 1 1
23765675 1 1 1
23775172 1 1 1
23780012 1 1 1
23784599 1 1 1
23814793 1 1 1
23820991 1 1 1
23836321 1 1 1
23836494 1 1 1
23952764 1 1 1
24007559 1 1 1
24127810 1 1 1
24175170 1 1 1
24193848 1 1 1
24228255 1 1 1
24252845 1 1 1
24276004 1 1 1
24454678 1 1 1
24508310 1 1 1
24555543 1 1 1
24592514 1 1 1
24680868 1 1 1
24755614 1 1 1
24755707 1 1 1
24761211 1 1 1
24809516 1 1 1
24826827 1 1 1
24906860 1 1 1
24957569 1 1 1
24958444 1 1 1
24973031 1 1 1
25021115 1 1 1
25097429 1 1 1
25115450 1 1 1
25170413 1 1 1
25202010 1 1 1
25219871 1 1 1
25243362 1 1 1
25267271 1 1 1
25353033 1 1 1
25422807 1 1 1
25453636 1 1 1
25488245 1 1 1
25510241 1 1 1
25565675 1 1 1
25577965 1 1 1
25592283 1 1 1
25611869 1 1 1
25618007 1 1 1
25699018 1 2 1
25732565 1 1 1
25746002 1 1 1
