1 1 100 1.36788
2 2 100 2.73576
3 3 100 4.10364
4 4 100 5.47152
5 5 100 6.8394
6 6 100 8.20728
7 7 100 9.57516
8 8 100 10.943
9 9 100 12.035
10 10 100 13.0755
11 11 100 14.1159
12 12 100 15.1564
13 13 100 16.1794
14 14 100 17.2024
15 15 100 18.2254
16 16 100 19.2484
17 17 100 20.2631
18 18 100 21.2729
19 19 100 22.2803
20 20 100 23.2876
21 21 100 24.2931
22 22 100 25.2987
23 23 100 26.3023
24 24 100 27.3043
25 25 100 28.3062
26 26 100 29.3075
27 27 100 30.3086
28 28 100 31.3092
29 29 100 32.3099
30 30 100 33.3101
31 31 100 34.3103
32 32 100 35.3105
33 33 100 36.3106
34 34 100 37.3107
35 35 100 38.3107
36 36 100 39.3108
37 37 100 40.3108
38 38 100 41.3108
39 39 100 42.3108
40 40 100 43.3108
41 41 100 44.3108
42 42 100 45.3108
43 43 100 46.3108
44 44 100 47.3108
45 45 100 48.3108
46 46 100 49.3108
47 47 100 50.3108
48 48 100 51.3108
49 49 100 52.3108
50 50 100 53.3108
