628
30
414
2556
1330
1177
472
268
1119
1839
1438
261
2745
2742
2943
1433
2256
1096
1823
2354
679
884
783
3355
2889
1133
807
2988
1632
2904
1673
433
3230
2140
1117
3047
2860
1933
873
937
386
2161
765
1446
3
419
3531
3224
3462
1439
902
3176
3384
1929
660
1231
2799
2174
3508
3337
2242
515
1689
12
776
3087
930
2887
513
2872
771
1429
3379
758
3166
344
1453
3167
2491
817
2433
2666
1637
2483
3050
3300
1578
3082
3162
222
920
1204
2365
3092
3042
3504
2069
2185
2206
128
2969
2947
2391
3083
86
2719
2950
2212
1764
2356
1064
89
3080
439
135
1471
2955
872
1239
3431
2553
3394
2994
3240
181
3437
3135
394
1395
2786
850
2111
1338
3316
149
1558
47
1845
653
2052
2935
3358
1661
1326
1495
2112
1580
2100
769
1179
2249
50
2686
3291
376
1112
3258
1816
2287
2782
2586
1467
2244
620
854
398
2459
1156
3408
1476
1556
2192
319
1355
3418
1226
3447
1740
1717
2679
2232
3049
2779
2047
397
2644
542
2379
744
732
350
3073
1975
1897
1043
3099
3485
425
2912
11
3178
1298
422
1987
191
1541
529
412
1005
201
752
2605
833
1138
2657
3127
2077
2430
690
2059
1967
2466
870
1049
474
1997
713
2755
2388
363
1562
3423
378
2327
1937
1279
226
687
3331
2409
2461
2439
1066
1324
2539
379
1354
2451
3046
971
2552
3134
2199
2647
1640
2572
2025
1582
3297
1349
2115
2929
1514
1181
2986
1367
314
2524
2427
436
3254
2849
1198
1907
1739
1858
118
2422
1335
3325
1124
2121
2207
1898
3425
2120
1812
1760
1699
3000
3540
3273
1215
460
2668
1462
2024
2488
645
3433
1998
203
3519
3168
865
2429
1421
288
2512
1116
3103
387
1571
2314
2127
1486
3021
3187
868
2369
1870
1715
1951
1232
324
2340
2460
2627
1744
3406
2039
3063
3011
2891
3361
1769
81
1022
570
1655
630
209
3389
182
978
1303
925
2476
772
2987
2763
664
166
2693
2808
2594
3215
3351
1098
888
1417
3424
1146
1953
1763
1002
174
3059
161
1692
2807
1512
352
249
1876
2385
1999
563
3068
2298
3368
2973
1981
1386
2405
1606
2892
3054
2305
782
2364
2897
2135
3117
1524
1719
574
663
2382
2055
733
2509
66
2825
2474
1287
1405
2449
1436
234
3495
2395
2720
976
3493
1725
600
3538
3338
498
1899
1736
1130
200
3163
1742
49
1171
2901
187
3126
1523
3038
489
2012
647
2057
559
2837
2009
1271
716
2613
62
465
3055
3204
2694
115
3195
385
3427
554
2166
2286
3312
835
480
775
2545
2711
2573
2537
2965
1680
2258
1639
808
278
2050
680
3091
2724
646
113
297
1798
3159
3308
1069
629
2631
411
1781
2554
2933
3335
552
735
1205
108
981
1051
2073
2533
2170
982
2328
741
3443
580
3376
3282
65
3387
639
2856
1128
367
828
3528
3343
1832
1648
2877
581
781
719
2372
3005
3470
2227
501
1908
461
750
432
1292
1220
453
2321
2540
1750
2560
3392
413
1568
2517
746
2970
1785
1757
2454
1321
2670
3520
64
377
7
1468
1366
3120
2370
3084
2125
3207
2359
1926
1093
2010
640
685
3218
3208
1677
2802
262
984
2661
1328
2211
3155
183
141
459
1241
864
1412
2313
2900
3445
2104
1710
2061
130
1309
1889
3494
3518
296
1800
1938
2923
1649
3413
3121
3186
210
1270
2470
2736
3267
1475
3256
1261
2725
1586
1934
2168
2928
1517
705
1890
1596
1085
553
104
1070
3372
929
2142
1504
2682
1393
1023
1167
3345
1570
2648
1627
814
1097
1186
1222
2006
1052
1847
605
751
244
1448
3517
943
997
92
1904
1126
3279
366
291
145
1850
2136
2404
121
1095
1323
763
1607
2264
2937
3156
2078
478
6
1376
3398
2603
3414
514
2701
675
1493
3362
1012
1408
2357
2977
3161
1598
232
2188
391
284
1422
1548
2910
718
728
1602
1537
2997
1347
257
2577
1647
1862
1935
3543
3231
80
2683
919
1646
885
2739
3234
1274
2774
1342
2308
502
28
175
3332
861
3259
3255
2044
2303
648
1214
1172
767
1157
3393
606
2921
1180
1945
1445
2555
1795
2301
2635
1054
3545
1020
676
3066
2132
1584
965
2210
2761
2150
3429
3194
2257
1228
1787
1136
1299
2612
662
3238
844
2442
3404
2790
3526
1519
1080
1749
94
2280
362
816
2014
2597
952
911
2309
76
1704
139
2158
2800
2086
2144
1115
739
1888
2353
1277
3289
1383
3476
3064
2962
2766
2600
221
3352
3340
1532
56
24
1285
2536
1318
636
1057
980
2092
2568
1487
228
545
3015
1846
2671
2620
2275
2033
2492
2462
1032
111
2628
3216
2684
333
3498
1004
659
1841
1501
1170
608
2213
176
3344
464
2310
1375
1473
2316
697
488
1799
1165
3396
150
3328
1881
1497
3388
2093
337
576
2925
1151
235
44
1557
246
877
2337
3074
1923
3277
456
3422
1597
1489
3310
1817
869
445
3214
282
1464
2403
1874
1712
404
917
863
124
712
2377
2653
2607
165
938
942
1778
1327
1828
3213
2769
1853
2027
1363
3516
2051
1751
158
2389
2906
495
1819
2942
1503
1420
240
891
320
2876
2177
2159
724
2200
2097
315
593
1844
1545
2071
1697
1789
2217
2584
335
1110
2859
1796
1528
1427
715
2905
1456
2296
1554
388
3323
626
1254
230
2548
857
2710
1286
2058
3465
2578
3530
38
2415
2373
696
1567
894
1306
1729
1276
3484
1113
3268
88
2068
633
3350
658
318
3401
2595
2412
1530
2532
1980
2642
823
1047
1082
2996
312
220
3170
355
1291
3182
2981
2606
2562
1963
3149
329
2441
2285
2839
2863
3130
2952
1984
2172
1702
2431
486
2920
1676
2678
127
1818
509
70
2842
1703
3013
540
2486
60
2084
1579
2815
287
1175
2972
2637
1091
1914
3500
3102
2194
2021
3071
874
295
2094
58
2438
2437
1687
188
1250
1469
2085
1657
822
778
2108
3346
301
112
1400
932
3065
1331
429
3454
1361
2457
167
2479
2893
3114
2866
1099
1538
2489
2414
1666
140
2416
3209
3193
892
528
1774
2116
3466
190
2265
1826
2831
306
2909
2894
2685
806
1614
3048
2109
2182
2333
568
692
227
1483
743
1088
3201
3017
1927
1081
1727
1078
3412
2490
353
2864
293
1346
3245
1741
2261
1973
2408
2544
264
1269
2128
928
2841
3096
2797
517
1622
1653
2832
3320
2075
2843
1030
2262
995
1201
2239
451
3541
3085
1063
1449
1444
418
2748
1337
1707
575
3012
2762
3203
3314
3509
3110
1560
2456
883
586
78
430
197
2550
3374
1370
1600
1238
3339
1536
2569
1601
856
251
1362
1706
1059
3547
991
3271
299
256
3436
2480
2455
1107
2949
1190
2418
759
114
2922
2953
2788
59
3229
468
1061
3488
198
1443
1936
2179
560
1019
895
2526
774
1010
3266
1877
3341
1835
1733
578
1246
1053
3448
986
555
2827
2164
1247
2990
2565
1304
1079
1437
3533
192
1192
707
1399
1044
2687
518
2425
969
1952
1500
1624
2349
3003
458
1394
900
1906
2240
3479
33
1259
1050
3076
1821
1708
2805
343
3458
1674
1414
1311
3179
2938
2503
2368
1544
1502
3348
2080
2464
2017
955
2284
2499
748
2371
491
2248
1441
237
3035
2255
1941
686
1668
3287
3109
1630
2677
785
2482
1033
1046
2410
940
3381
565
3217
1072
956
2954
1592
2836
2881
860
1595
1031
8
258
536
1871
840
2731
1893
1103
3122
1822
2243
2826
1665
2566
862
144
3370
1895
27
331
551
3086
2131
2898
1754
876
2230
3439
1015
2985
1747
667
2659
3503
2804
3324
1944
1003
2221
871
2770
424
2785
157
2381
3157
709
1792
589
3001
2401
1442
889
820
494
2589
2538
2993
313
3327
824
2341
189
484
1942
3141
812
2963
3148
1041
1949
2852
3473
2506
154
3081
522
1409
1134
1042
1316
152
2295
2245
2254
3206
1048
2101
475
617
2634
2523
3478
3364
3444
29
591
1371
569
541
96
2334
1275
1388
3079
842
798
2386
794
3435
1094
1457
543
2675
3190
2241
467
2982
54
143
3305
2157
2712
500
3486
2504
2406
51
3410
708
1854
1466
1206
169
364
2292
2518
544
1368
3527
1384
2038
1431
711
1056
3160
440
1365
1301
1698
2751
1001
2090
2175
309
2330
2702
1811
408
1918
2598
250
267
1163
2484
323
105
887
1758
516
1510
1577
3549
588
247
477
3006
2534
2317
292
2513
1389
2219
1194
91
979
1461
437
1928
958
1045
1943
2733
1803
1535
311
2715
1075
2869
3278
2740
3111
3132
1930
253
3502
2448
1753
1807
2184
2622
2122
3349
1783
156
1830
3521
1905
1634
2810
3239
3284
3008
1036
1484
2867
2274
3525
2633
1159
3010
300
212
431
1972
3432
1879
573
470
2204
2043
2951
954
441
1490
2902
2036
538
448
325
3113
265
655
1035
1768
1411
1900
1158
1092
3301
1956
880
180
935
1272
1127
1233
2283
3032
2139
2224
819
310
847
3475
810
2650
1188
2251
103
303
3360
3024
3095
2803
3546
596
3537
252
2816
163
987
1068
811
3449
1488
2478
3169
2758
1310
657
1701
924
963
2118
1775
3395
992
1350
2557
2307
2809
643
2498
666
2399
2350
592
2226
3371
2485
2521
1492
989
1994
2916
1909
579
206
2347
2032
3285
773
3241
2697
16
381
2828
598
1516
2450
45
1315
1508
396
3380
2095
990
3295
3514
202
2691
496
2903
373
2632
2214
621
442
2625
392
1418
2861
614
2358
802
2072
2272
1511
2704
2654
3037
3438
1901
213
2936
454
3481
2143
273
2228
3138
3391
2914
119
1176
755
2522
899
1183
1193
1978
1197
1743
796
886
2148
2646
1884
2543
508
3116
761
93
2630
951
2440
1618
2884
1131
283
463
1195
2315
3264
2064
2919
2658
3334
2507
2640
3051
661
2471
1540
2624
224
1576
2610
3428
3288
3446
2060
2502
2447
32
625
674
2717
977
2467
1161
2282
1434
243
3198
375
3455
2753
1084
2197
2940
3014
738
438
2888
1435
970
762
612
3223
1089
1721
3469
1587
1671
2656
3244
915
905
1348
3440
764
3077
795
859
792
3246
3415
2444
225
582
3489
1575
3191
136
3417
906
3276
1379
3491
1120
2000
1529
2756
1425
1857
975
485
1608
3158
950
3139
898
3232
701
736
3180
2289
803
1872
417
3434
2838
117
698
351
1886
2098
534
3459
332
446
1955
2151
999
3041
1883
1543
2186
3407
2931
670
1507
1447
3124
1861
1440
2794
125
101
3145
1219
3115
231
280
2335
1360
1480
1990
1977
3184
2623
34
339
2551
178
186
525
1779
3296
2830
2795
624
1168
1142
1243
3450
678
3025
2773
2229
3326
1626
985
321
23
2343
994
1833
1212
195
1455
356
2247
1227
2959
2754
901
2968
2882
1713
1240
1144
3090
641
2366
3480
2749
346
1842
1123
2978
1948
1920
305
1887
1380
2776
1912
87
1264
2083
1216
3353
2824
1834
1218
3057
372
2458
1678
2865
804
2376
2915
19
1392
2322
266
2530
1863
133
3075
1762
1759
1060
3019
1125
619
1961
3367
131
1452
1474
699
1995
3129
2529
1104
74
238
703
714
2508
2167
3357
207
881
3031
650
934
904
3078
1724
801
40
1187
1432
3405
548
41
3411
3069
1940
1164
949
68
652
153
199
550
43
1770
1565
1472
2037
1343
510
2885
361
1860
944
409
3385
22
2428
1964
1793
2611
2880
2966
2759
2575
2063
967
129
330
683
1808
120
3094
3281
286
1615
2176
2626
838
1509
2505
2567
1985
1801
3403
1329
912
1794
2690
505
832
684
493
1268
2088
1062
1513
693
1946
2680
3097
730
1000
1281
1182
462
1039
2713
1263
1252
627
2453
327
3313
3303
2001
2576
1784
1140
2380
2066
654
2939
2034
1613
3366
726
2629
642
1185
866
2378
1137
960
2913
2535
2187
1390
539
3257
75
2126
3188
2183
3093
597
1829
3544
2862
3140
2829
2304
1087
2778
1573
3363
1894
1217
2155
2468
285
100
566
1006
2956
2318
2716
3150
1675
455
521
2615
3283
205
1968
933
1071
1629
851
3315
2105
2957
2452
1196
3174
945
2883
2336
1970
447
10
168
611
2879
281
3144
2639
3280
2676
1203
2616
3467
673
3534
73
3513
434
2813
3272
229
2854
524
3472
1916
1018
2519
1962
2618
2641
1248
3220
3483
3453
2752
1209
2220
2692
1300
20
3378
1591
836
3442
172
2398
983
2065
1831
450
2049
1612
2005
1859
809
1038
3365
52
1385
583
317
1752
1892
1820
1616
57
1141
2992
2134
1996
1118
3151
15
3222
695
3386
780
2801
1983
2636
3183
2054
3002
3456
2137
896
677
788
3524
3211
1132
123
547
53
2918
1838
1423
1693
587
3482
2472
523
13
2495
2082
3189
2983
858
1667
710
1058
784
704
2890
1236
799
2771
2602
1594
2374
1685
3298
2917
1686
2003
1283
1308
3550
3142
3196
3552
1515
2436
1333
2941
1625
2332
2393
3490
1235
2714
2781
2493
3197
1840
1932
2443
637
2346
1340
2608
2445
3236
2113
2233
3515
3501
482
2995
2138
2638
1284
3058
3269
2162
3237
2018
1848
2989
2421
2411
471
1555
1561
2738
717
2281
2475
427
155
507
1851
1718
69
1864
148
1644
1791
2028
2042
1011
3044
821
2649
2645
770
2465
3125
1700
2851
2561
2592
3551
2180
1966
3192
931
2016
3219
2563
390
1336
2106
3317
2300
1253
1451
14
1415
2820
2587
3522
737
208
469
1564
2156
1397
3036
2873
1815
1856
1364
42
2976
3402
3420
2908
2362
2542
3318
623
1950
2746
946
18
1378
2728
25
233
1599
142
721
2571
1249
1245
211
1711
2195
348
2911
671
248
2363
3419
622
631
393
1211
2732
3039
400
2730
3416
2814
487
3253
492
107
2870
962
289
1494
2975
2967
2250
972
2342
399
1358
116
2819
2123
2076
2400
779
2223
1965
818
2660
512
3072
936
35
1320
1150
2520
1027
2927
3018
959
1273
1470
2822
2193
481
2583
1479
2835
1919
1090
1293
2344
2494
1988
848
2764
3147
1237
2932
2496
2971
1645
2091
2235
1705
1633
3247
3506
2023
1499
3311
616
2858
426
749
1155
2652
2004
1731
1939
3553
1804
1406
1809
2961
1539
2201
2727
1843
369
3377
2871
3104
1603
1174
2855
1382
1672
3275
727
923
793
1307
3409
913
1076
3319
401
1960
1312
3100
830
520
3022
966
2154
1585
615
702
2868
1463
2845
740
2514
1037
2651
2596
2339
2351
3294
3270
2564
1684
635
170
1583
926
2231
1869
1296
1345
1111
2874
1735
1974
3451
1372
2946
1154
753
2383
2926
2793
2655
1234
1745
1903
914
644
2198
939
360
2899
3107
2944
922
2907
3347
3400
2741
1922
927
1143
893
217
2402
270
3242
1730
549
3292
837
2117
601
452
2266
1522
2002
2998
2846
3004
2202
1189
3056
1917
1419
3040
609
2011
1465
1992
2599
2013
1776
3227
2811
2510
3375
1289
2419
36
1491
1947
294
790
1810
2672
2081
171
1149
1101
1837
1319
2481
1855
1377
2102
890
1221
2260
61
1652
304
3510
1260
1147
2326
395
805
423
2531
72
3173
2780
102
2570
786
334
682
2698
2700
410
2948
2796
1619
2110
2588
374
2124
1982
3112
2147
1108
1635
2008
2394
2695
531
3023
2729
1403
2279
1317
402
1152
2273
825
196
3461
834
2041
1314
2352
3131
2302
537
2355
2784
242
1631
1659
1016
2435
3177
279
2964
3330
2601
3137
1396
594
2585
2323
2222
3496
757
846
132
1642
160
55
634
342
3306
1714
77
1976
345
1746
777
3070
2696
1650
1610
263
1230
2674
2980
3251
2619
1534
2934
813
3221
272
2473
2930
910
2268
3009
2130
2840
3274
3118
457
2149
2558
961
4
1756
2614
245
2031
3199
3460
2604
359
179
2581
3128
2487
3356
340
3016
2015
2772
2338
3061
159
1609
599
1551
2848
1788
1381
3252
2026
269
1305
354
2424
3164
1550
2777
1262
3053
1720
2878
2722
2718
3523
907
420
1184
826
1849
2895
1824
1166
1073
1229
416
1695
604
2760
1641
1542
1369
1398
3322
3468
1723
974
84
2267
1989
26
964
308
1802
407
2218
1682
1496
2857
1726
3535
2706
2469
347
2293
2040
3369
2688
3373
1498
1574
3133
2045
3034
2547
1373
1105
3235
2146
855
