702
1445
3518
3550
2891
1044
2454
1556
3288
3090
2792
3224
409
542
2408
2352
105
1335
1493
575
1658
51
286
1462
2448
864
41
349
1495
2796
2838
2183
3268
99
811
2686
1759
1529
841
1674
1461
1931
1520
2361
3212
3269
143
1143
2969
192
1300
2287
1199
3473
2046
2488
874
38
2754
2442
280
1765
3098
478
3325
1955
2744
3030
553
1522
3359
1817
3295
17
3250
1042
619
1873
3441
904
259
616
377
3210
3039
1856
2670
3303
2589
1226
1553
1992
828
2315
3321
3033
1442
367
2691
3049
1197
2933
871
173
1478
341
626
1015
2663
1464
2007
1845
2195
875
3031
1082
2162
1784
1466
3227
964
1151
1281
2276
3276
1458
2274
3116
3504
541
3042
2541
204
2694
2731
2920
233
2763
2700
268
2819
2130
2432
968
1394
1891
1026
3327
2901
986
1614
3137
118
1721
1009
1944
2551
974
477
2176
2617
1991
2467
3540
1498
383
2072
2574
117
2321
291
2250
267
1308
253
196
2593
2660
2865
2494
3483
519
751
2058
1011
1859
877
2477
2817
3337
1075
1598
2407
3461
970
1138
893
1866
2159
2330
2440
2735
3370
2498
101
336
772
976
2133
2638
133
395
2420
3516
1352
354
2123
2177
2898
589
1210
1292
3091
3452
1600
1745
1899
3335
2778
355
2336
1101
2055
532
1144
889
819
2776
2959
258
1651
3229
2805
2784
2743
2955
232
735
991
2636
1472
227
955
2458
2328
1511
2079
3410
3356
452
2809
2628
3215
1357
537
3533
2073
3388
500
539
3149
2182
1595
3547
695
1716
2777
462
2529
529
2533
2558
421
2977
1064
1732
411
2045
2338
215
2639
2608
3407
1441
3326
1967
2251
2436
1874
2679
2403
1738
3436
824
1373
1961
282
3262
3437
2824
2233
112
1631
960
2013
3372
1350
2490
2635
2229
3127
1027
2105
2368
2265
75
1203
2580
2919
822
2089
1502
2379
3417
2175
1725
260
2207
1311
1193
165
1676
2043
685
2098
2985
1079
1610
985
2680
684
3258
2667
231
2866
2397
2889
2426
672
807
1211
2294
2927
3248
125
1170
851
1894
3364
2317
916
493
1229
1273
2268
2583
2877
3018
2394
1489
2564
1204
2746
2604
973
1186
2030
1806
2343
3514
663
2339
2750
1596
220
6
257
1925
2587
3193
502
3259
422
655
2724
3301
1270
2302
954
3164
2260
139
596
2709
142
1626
2081
1966
3357
2783
1235
3110
3310
3191
1004
4
1340
1947
2097
2370
2695
237
3378
1900
84
515
3076
3369
2822
1287
744
2848
159
1650
1256
774
278
281
147
1250
1448
1951
1973
2261
637
337
1157
2761
3367
3361
2198
2888
839
1554
3362
31
1807
1934
2266
2048
2797
2154
1819
1686
963
1917
2837
798
2052
1795
1913
2854
3105
2584
124
1763
3365
1339
1968
1237
3240
435
1291
2080
3246
1982
2500
211
2705
1245
438
736
1290
1753
936
254
1952
2678
1592
1871
773
1914
2874
385
738
1179
2732
2861
3454
1862
1398
1455
1494
1423
2510
364
2014
3477
453
3150
3404
3102
1751
185
2501
1180
2228
1621
2749
92
2706
294
3420
2329
1625
288
629
1551
1993
660
1379
327
3384
3453
1524
1582
1657
1838
384
1979
470
719
401
2900
1241
2478
1660
3548
2227
2311
3054
1086
2286
3345
2627
2203
2755
2964
3395
2728
2956
3174
1017
1159
3218
787
3180
3411
1880
1463
583
2905
69
1166
2023
2839
2056
473
3095
3169
2540
441
2795
2082
1249
2226
2989
1505
390
468
2031
776
89
2785
12
2586
579
298
106
1310
786
111
1156
3044
510
1150
1712
806
1731
1916
2609
2612
1168
1175
1877
1046
3100
3216
2803
2147
2725
2026
920
491
1388
2083
713
1080
1405
1702
414
2244
1136
3405
3522
2693
236
42
1667
897
3005
1506
816
550
892
461
2209
2692
313
2774
295
3151
3468
1089
1728
356
70
3399
1296
1929
229
1059
1129
1647
733
2645
943
1054
1230
997
1030
2248
3144
2596
712
1799
818
1583
2102
3343
1088
593
1846
689
1414
872
1730
2523
109
2040
2621
793
151
790
54
1195
1302
748
868
1280
1803
3328
1670
1076
641
2922
2684
511
808
2549
262
1831
2626
2310
1497
3360
2385
2042
752
1813
1366
405
844
1837
946
2107
722
164
1187
498
2531
961
3027
1369
2398
3339
3226
1435
3085
3003
978
1946
2145
2269
1276
2108
2350
3131
3065
1963
623
2168
316
1822
922
2000
2823
1469
1330
1376
3133
1484
167
2640
767
1687
1057
2359
1740
2752
611
1634
1403
2075
2789
398
2351
2443
494
881
1659
501
3320
404
535
2836
1829
2103
3062
667
570
2658
1550
720
1155
2698
2907
2942
3182
2687
3402
2555
1750
615
915
382
2717
2886
2122
2460
2318
2134
1594
2128
3176
959
1479
521
704
1033
272
2149
208
3488
2654
1368
1960
754
2157
2844
1297
2424
2395
1646
284
2790
1897
2597
3136
248
1416
981
3107
376
2194
817
1178
640
552
2153
170
3138
2815
688
2475
604
3247
1574
1231
2801
1470
102
2459
1272
555
3455
274
1577
48
1734
3459
3009
860
1269
3294
1454
2563
152
1147
88
3197
545
234
1885
177
104
1499
2483
2575
591
3466
2068
495
186
2682
380
3242
199
848
3287
913
3408
1434
446
1309
707
379
1983
650
668
325
2114
900
45
2767
450
239
509
638
2234
2650
573
1224
460
2427
3289
2786
2281
266
618
882
1699
2334
1585
993
1115
3486
1329
1668
2766
505
1858
2943
2620
2472
1130
369
3263
2899
3173
430
2360
1118
1122
1298
1400
1717
1872
784
783
1589
2512
2582
2514
1007
567
3053
3267
2327
815
318
1605
2606
2914
1525
2960
3013
1777
3029
1323
2164
756
1364
1286
2009
2846
378
2852
1012
1857
2192
1378
343
53
388
2849
1407
3528
1544
2757
1736
2185
1347
1239
525
2547
785
1021
2039
723
3387
463
562
2570
195
416
1459
852
319
3527
1827
2024
347
2681
2421
2304
3002
1839
194
608
796
1326
1907
3032
2414
990
2220
975
2313
2249
1085
1908
657
971
2199
3036
2946
2129
2431
1128
3260
854
2966
3061
1923
2469
2093
183
891
1162
1622
2163
2828
3214
778
1688
368
100
1655
2734
1608
3530
1959
3493
437
1569
348
1083
3257
1401
571
2364
594
1774
2170
3163
3255
649
3482
894
1689
2496
1358
2044
471
3424
2518
2599
2171
1452
937
2087
2279
374
3382
1810
1097
2481
1683
2406
1517
1360
3446
362
718
1752
29
2258
1705
2963
3245
1748
3392
3101
1756
2196
2821
3037
523
508
1612
1005
3034
156
424
1303
2577
906
782
3315
2200
2264
3435
3211
1741
1043
1374
1893
64
309
3185
1758
1208
1852
2027
1726
3465
1382
47
995
178
1538
2411
517
1148
162
2508
2665
1247
62
1215
1793
1152
2125
2932
161
1669
2449
2054
855
472
2463
3052
1172
763
781
2016
3333
1679
3485
842
3219
1722
795
3109
3045
3115
1142
1022
1439
1801
3162
3302
1161
1794
1014
3293
3314
1312
1253
1341
1783
837
2246
2713
3398
1050
3077
557
2077
2511
1619
869
2893
2619
3272
3273
642
1530
1649
3244
3423
169
2375
2857
2029
2190
3070
3285
2935
598
2567
3199
3206
244
3449
2071
977
1949
293
345
2292
129
1504
2358
2316
2858
444
2197
2283
217
1666
2076
2392
269
3401
202
1274
724
2256
2369
3167
3376
1558
2618
1474
2051
938
247
3472
3371
588
2951
901
60
512
1268
2921
775
2094
3506
2807
2507
2651
1519
873
265
144
449
1031
1818
1072
2038
1202
3515
792
654
107
457
393
2291
114
210
397
206
586
150
3422
1541
1418
2450
32
1098
1389
2132
1898
34
574
2243
1616
1016
2237
813
1802
1957
2
3078
2205
396
1910
544
3309
3529
358
2829
110
1962
93
467
2393
2601
536
80
2241
1718
2001
181
1545
246
3234
486
3187
1225
3177
1508
1648
2987
957
3025
2726
8
2954
43
902
3286
1102
2591
2736
580
1426
2515
2716
3146
1348
2113
2548
2505
1773
292
1018
1320
1767
2509
445
1797
3213
2493
1576
1149
3237
3358
2827
2372
61
3060
2127
63
363
2764
1878
1695
1987
1430
2008
2323
1776
2430
3383
2010
1041
2180
2305
2332
3056
644
1020
1182
2506
1024
1387
1937
3552
279
3154
153
1824
2520
130
275
1267
3432
2235
3439
3460
1990
2641
3297
2940
3397
1431
692
1840
914
3243
2814
3067
2004
3519
2957
370
979
1542
221
1198
2674
1424
3256
2184
3175
330
300
2534
3252
3270
1174
3329
1867
329
155
447
1879
820
930
563
1457
1425
833
1139
1895
2576
307
1775
350
1114
2765
739
1436
2701
403
526
256
2099
2088
2371
91
1221
1345
1449
1920
1328
3093
3041
1850
289
2239
2021
821
1465
584
3181
2112
2953
2614
2992
419
2869
443
2415
731
55
2223
998
2867
2923
2262
1746
1013
273
687
1410
1620
866
797
371
1995
97
214
2057
412
1540
2282
2806
1392
2047
2219
490
3354
1153
1915
2737
3283
2910
1099
2169
3046
1294
857
1516
2729
690
2416
1060
2947
1663
2061
2312
578
546
1523
1052
1640
3501
843
3186
119
190
1509
3323
962
1429
1533
2091
2236
3069
999
1552
1395
1131
442
2571
2841
2758
1847
2428
1720
465
810
3500
1091
2952
459
2926
1978
2065
50
1629
2053
2401
941
1409
66
610
85
37
1760
2447
2527
1135
2798
433
1447
324
2683
3428
1134
2165
103
429
1555
1986
1768
3539
2875
25
2151
33
1317
331
3350
98
46
2632
2733
132
1950
627
732
764
1173
2277
2383
1514
2429
3190
2111
2202
3304
2793
1047
1911
2333
1163
3489
1755
2345
1958
454
603
440
2457
524
703
2615
2873
3024
1766
1964
3035
1192
2850
2212
1299
2275
3400
27
2297
1446
789
2161
1188
1334
750
3079
3290
507
908
643
2254
3015
3205
1277
693
2565
2714
1928
2649
2630
1882
927
3374
1792
2892
2353
226
1167
1183
2862
1580
3481
834
921
2697
2720
849
391
876
3112
3236
1782
332
2349
113
605
1527
681
923
3476
338
2938
2688
2634
1965
304
2400
2319
3072
2120
2851
919
2020
3231
200
482
1778
659
303
2961
714
2699
2078
1232
3457
2356
1337
2908
2945
3183
1639
3142
310
1770
365
2903
2492
2980
1788
2556
3317
418
1126
1481
2270
1515
207
263
3544
2035
1919
2535
2976
3166
1933
742
1002
1724
2267
439
670
1739
2840
2306
2206
30
2581
3022
520
3171
600
1282
1117
1901
1661
2834
1375
1338
1532
2675
2747
3406
2983
522
1440
1010
3505
2669
2703
3222
1662
3447
1633
700
160
2775
1265
3148
3221
2856
2652
1628
2090
2655
1258
2041
1892
635
2779
2990
2573
16
634
705
1473
252
2225
2347
2215
2659
2363
1283
2325
3147
1696
2255
2474
2423
1411
543
1087
2439
1275
2456
1196
193
2925
2986
2293
884
2110
3008
3028
2499
1402
2787
706
3113
2949
402
907
1477
3059
1218
225
2381
932
2742
176
1599
576
1713
489
1643
653
1371
1557
2084
2913
1701
3075
1061
3445
1974
564
1078
334
1543
1603
1383
1909
1234
1456
2598
427
2780
620
2377
1637
3425
1284
3348
1812
1025
2453
2284
2967
3172
1587
1684
2968
2519
3007
2335
342
1723
1861
145
1331
836
1307
2802
3088
2622
2308
2882
270
74
1363
1443
2191
587
2140
1103
323
2835
1757
3230
7
880
1584
1486
2813
3058
90
245
944
138
1412
2643
799
296
3152
1707
1715
3341
148
1590
14
361
1832
3271
3512
1353
1779
3300
1062
1124
982
360
223
328
434
1617
2998
2410
1970
3048
1396
1216
743
3084
3014
163
3517
2538
565
761
1220
2664
612
2222
1804
458
2930
197
340
3298
1056
2896
1781
1200
2525
1105
2513
2495
694
840
1119
701
3064
1213
2148
2232
1602
1301
624
531
24
2280
528
2545
2600
636
1690
606
1762
533
1808
3322
2800
3373
3108
3380
1008
71
1333
3195
760
3427
3066
2917
2005
2367
1413
2210
1096
3429
15
2771
1798
3217
1496
1093
1164
2522
1851
2465
697
3541
3332
1521
1106
548
2973
989
3363
297
2883
3096
2936
481
2970
1935
1549
1780
1437
1971
671
40
375
3153
1627
3207
1073
1160
1926
1518
2853
3316
599
5
2662
2221
2425
315
3347
2272
171
1796
2438
2451
285
952
392
2909
1972
1644
3535
1729
2879
3448
2816
3
911
141
2172
2768
2625
1
3282
1285
658
850
1844
3355
3525
1028
2344
686
2566
2984
749
1385
3275
1362
1381
1236
2417
2911
926
2944
3026
276
1491
394
1930
2434
721
780
1349
175
2981
1680
3433
621
1735
3442
120
1790
126
205
2487
1141
3291
497
966
1108
2062
1785
1754
633
3416
2104
1313
3074
3228
2794
1805
2366
1351
2820
948
2489
407
2100
3546
3038
777
2119
2109
879
1397
940
859
1691
1325
2859
992
2924
2929
116
39
49
426
3394
3412
1673
2895
2301
2473
3487
2759
1070
1761
423
3543
800
2471
1361
1841
3351
3353
865
3092
1471
1593
1833
540
1133
1177
1475
2562
1534
58
136
2988
1563
3499
556
675
1693
3155
2247
1137
357
1419
158
1711
2186
3204
1500
514
131
2178
958
3071
730
172
898
1111
2069
456
1677
3001
3377
436
1697
1467
2723
2074
1887
566
858
725
1853
825
2863
2871
2656
1065
3434
3375
1932
264
2560
189
1943
3414
3128
86
1343
2585
3520
1571
935
886
3366
1921
2378
3502
3082
887
1638
2559
870
1110
2605
2152
696
1066
3311
2843
3495
2126
2672
3140
57
3419
3464
2298
3281
1607
399
1184
3292
2769
3103
1390
903
1860
664
2466
2034
2991
577
1703
2139
1816
2812
1980
632
856
582
673
1336
3277
1092
408
2419
3342
250
3532
3114
1881
630
666
1814
2993
1243
2855
1071
1262
3545
1692
3496
2355
140
996
597
3479
1217
1450
1417
3507
1104
1404
346
2131
3526
3223
19
2647
3019
81
243
823
802
909
2997
766
1948
2314
831
415
830
1653
648
2303
488
2578
1989
2740
2187
2880
3117
3120
1588
1289
2730
1936
1682
1922
527
929
2213
311
607
1305
1618
1875
1884
3261
3471
1107
2150
2285
2603
2712
2810
728
2503
3344
317
2610
2579
947
1121
2208
1190
483
1988
1266
1863
2142
3208
2118
2831
387
885
2486
496
2217
2773
2561
1924
312
1698
1165
480
2872
2727
994
78
1422
2710
2876
326
1001
1503
2537
3346
77
1870
554
2245
3456
321
3023
1645
2300
3492
2552
1120
1123
1453
2067
2389
691
826
2762
729
1222
228
1665
2974
1306
559
3296
1415
1040
2066
3202
1771
1889
791
1113
1886
1675
863
1125
945
1749
56
1536
3254
3134
1800
1293
2121
1865
230
661
485
1201
2972
2708
2354
1271
983
1999
2115
2218
1945
2146
2299
2544
3491
1539
72
3538
2934
3280
2257
2019
2845
1487
2497
1568
1927
2468
2188
1342
3278
2642
572
910
65
261
2485
3086
2878
3390
883
2092
647
3094
2870
1251
678
1888
2931
3012
1246
1997
2095
2791
669
2059
2003
3474
1109
2521
1896
123
581
3480
1146
2138
251
585
1604
410
2167
832
1116
2995
2384
474
2594
475
3438
1956
1537
2230
1391
2833
3251
1981
3189
1332
1432
677
479
1100
3220
3386
905
2832
1206
949
3524
198
2748
2719
238
448
928
1918
2271
2830
3111
3241
2214
504
2124
3510
794
2668
631
1367
2644
1049
2002
1623
2309
2413
3021
1254
3549
2166
1531
2476
2290
3542
2818
3010
1609
2881
3494
1823
569
351
3233
2657
389
967
249
1672
3498
95
1591
2324
1322
755
3122
3055
3319
1876
3509
2572
3308
1037
255
1570
1399
933
11
1068
1561
1611
1069
1315
2307
3340
805
1869
277
137
1941
1304
613
209
804
1316
1747
1848
235
3000
2916
3087
2380
322
373
625
2715
2532
2890
1654
3157
2633
3179
1406
2158
829
3159
2860
2063
2211
747
646
1830
1764
94
476
2704
740
3536
2388
2452
3463
2263
3099
241
3534
2524
3403
3537
3521
665
1912
1834
1528
2296
2739
492
1656
1579
2348
3307
13
2588
1223
1219
2242
2616
939
135
2015
1355
516
1214
1975
1321
1825
10
2975
3393
1074
2799
1606
2141
2464
2613
1854
759
2690
2441
1685
3184
2782
765
1207
1205
3158
622
1393
2376
3306
484
2326
1344
1314
1984
2994
1953
3503
538
2982
1512
417
838
240
2482
3040
2868
3523
1733
3264
3051
2568
1954
617
339
76
1564
917
1257
925
592
771
3478
2741
717
2939
3124
1904
734
166
3119
3089
1408
1490
2204
746
609
1586
3265
682
2770
1842
3413
1572
344
1789
35
2623
2116
1977
1055
1488
2390
2711
2543
2915
1019
1791
753
1820
469
2295
3330
3080
551
1438
1546
1742
1855
168
290
1476
2530
1318
1077
2391
333
201
302
639
801
1787
2542
1346
3178
1233
191
2864
709
2399
2340
1324
1372
2085
3083
2136
2808
359
52
1189
896
44
1191
3209
1032
2070
1501
67
1864
2160
3381
3451
1006
2238
3050
1652
3135
1327
503
1263
1630
79
1547
2528
1902
3349
122
530
1295
3508
82
2174
3073
3006
308
2050
3097
1566
1356
2553
2948
179
1421
1573
1370
1642
2825
711
3238
1365
2032
1094
1181
3020
1171
487
980
676
1510
3017
1244
2405
2539
1386
1483
1063
2101
2516
1903
568
1905
1260
1942
2928
878
2637
934
3475
2677
1053
3132
988
242
128
3130
3104
366
1140
715
1507
2884
3299
3389
3011
942
741
2462
3047
154
1261
3057
2357
931
1169
2526
306
2502
3194
698
2950
651
455
1624
3430
2887
969
1843
1581
1664
28
2629
1996
2696
2902
3129
1560
1067
3511
1613
2374
2978
2631
699
1194
803
2753
1035
518
2906
2011
1248
18
1090
1868
2480
2673
3201
224
1727
1492
2028
2937
628
1081
2979
1051
2362
950
2017
3469
3324
3232
847
2707
451
3418
1811
1601
3467
549
1575
710
59
2006
2189
3004
924
3168
2386
1023
2289
2022
464
3379
3334
3141
305
708
680
2772
335
601
1678
2106
2216
2096
3253
3279
2181
2224
3284
3484
1252
2409
2811
20
2060
3458
2894
3443
381
1890
1681
1132
1095
1906
1185
1264
3143
3192
1242
1786
3470
1460
2382
1597
1706
2557
1835
287
3385
1772
2278
2346
1003
466
2155
2479
1212
3331
2435
2722
2804
2590
108
188
1084
862
2402
1036
2342
3551
726
1154
1039
283
121
96
3305
662
216
1938
809
127
353
3125
3415
1562
602
1709
1836
2446
3200
1127
762
1238
513
595
1255
2252
2958
1969
2517
1710
2685
2941
2412
1228
2033
2273
1744
727
2745
814
745
2592
157
2760
2624
3266
3426
406
779
861
36
87
1849
146
219
301
1145
2996
1998
3165
2611
768
1029
1513
984
432
1815
1482
656
3274
3450
1000
3497
2445
2484
2037
1976
1058
918
3531
1384
3198
3068
3336
3462
827
2331
1279
68
1354
1700
2646
3081
1567
3106
222
895
174
320
614
956
2404
2433
1048
3225
3121
890
2546
314
372
1444
1737
3352
846
2437
2602
1451
1034
1883
3063
2554
2288
3016
2781
2193
3249
1708
1559
1671
2253
3440
2550
2826
2885
1480
1433
2470
3235
1615
400
1769
1565
2671
1038
2666
134
812
972
2689
737
1636
3513
1468
149
506
1427
2912
213
3161
1485
1632
2259
3368
3196
2702
645
3409
2756
867
218
770
2661
2144
420
679
3043
987
1940
1209
1240
2455
2999
1045
2971
2595
3170
2847
1535
1641
23
561
3118
3396
1635
2962
3145
1714
2676
2365
2918
413
2179
73
187
1278
3203
2897
2240
716
2373
2504
3126
212
431
558
757
83
2648
3338
1359
953
21
2049
2461
180
2231
547
182
2536
1985
2018
2036
2135
1259
1719
2387
758
683
184
1428
1526
1694
1548
3553
2173
2444
1420
3318
951
1994
2012
1380
1821
386
1112
1828
352
3156
3391
788
3313
203
2751
1227
2117
2653
2965
3421
3490
425
965
2788
590
22
3239
3312
115
1158
1377
2842
2422
428
2025
2738
652
560
888
2143
299
2156
674
1319
2718
899
835
1809
271
2137
2418
3160
1176
3444
2322
2320
2569
3431
2491
2201
3139
2064
3188
1704
1826
2086
853
1939
499
845
1743
2721
2337
2341
2396
1578
2904
1288
9
2607
3123
534
26
769
912
