1 1 100 133.48
2 2 100 286.72
3 3 100 412.489
4 4 100 540.812
5 5 100 652.988
6 6 100 724.601
7 7 100 764.853
8 8 100 853.966
9 9 100 899.595
10 10 100 980.447
11 11 100 1041.91
12 12 100 1113.22
13 13 100 1147.74
14 14 100 1209.32
15 15 100 1272.53
16 16 100 1325.25
17 17 100 1359.99
18 18 100 1408.7
19 19 100 1444.66
20 20 100 1465.59
21 21 100 1515.38
22 22 100 1557.81
23 23 100 1578.21
24 24 100 1612.93
25 25 100 1647.8
26 26 100 1672.02
27 27 100 1691.37
28 28 100 1702.26
29 29 100 1726.6
30 30 100 1742.81
31 31 100 1763.78
32 32 100 1777.63
33 33 100 1806.02
34 34 100 1822.13
35 35 100 1850.15
36 36 100 1879.51
37 37 100 1889.29
38 38 100 1900.8
39 39 100 1917.87
40 40 100 1938.47
41 41 100 1960.81
42 42 100 1972.66
43 43 100 1980.66
44 44 100 1993.7
45 45 100 2013.38
46 46 100 2029.26
47 47 100 2039.86
48 48 100 2060.88
49 49 100 2069.14
50 50 100 2086.84
