5124 836 1039 873.252
5125 661 796 694.702
5129 4 4 4.85586
5133 154 173 166.148
5141 2 2 2.48487
5149 2 2 2.05427
5164 4 4 4.30164
5166 648 769 676.056
5171 3 3 3.05366
5172 19 21 20.1047
5173 2 2 2.01987
5181 13 14 14.6004
5190 79 86 84.7622
5191 1 1 1.00858
5192 156 183 170.322
5202 2 2 2.15618
5235 3 3 3.79357
5254 1 1 1.03564
5268 130 145 139.481
5272 5 5 5.54799
5277 643 775 670.129
17258 155 173 171.584
22711 6 6 6.97263
25270 2 2 2.03761
28161 11 13 12.4167
37923 48 53 51.5092
37937 1 1 1
37938 3 3 3.94049
37956 1 1 1.24872
37962 1 1 1.02911
37983 2 2 2.0445
38005 47 61 49.7438
38006 48 58 50.1165
38009 5 5 5.0045
38010 6 6 6.18828
38031 1 1 1
38032 115 129 123.688
38034 15 16 17.6624
38035 4 4 4.38756
38037 4 4 4.19383
38038 29 33 33.5825
38051 22 25 24.576
60943 1 1 1.06213
