1 1 100 3.56553
2 2 100 6.75076
3 3 100 9.72099
4 4 100 12.5726
5 5 100 15.3943
6 6 100 17.8661
7 7 100 21.0146
8 8 100 23.6869
9 9 100 26.0747
10 10 100 28.4834
11 11 100 30.8702
12 12 100 33.2322
13 13 100 35.6372
14 14 100 37.9598
15 15 100 40.7794
16 16 100 43.0264
17 17 100 45.2729
18 18 100 47.4951
19 19 100 49.7329
20 20 100 52.164
21 21 100 54.3624
22 22 100 56.5147
23 23 100 58.6058
24 24 100 60.9777
25 25 100 63.8142
26 26 100 65.9268
27 27 100 68.1033
28 28 100 70.2402
29 29 100 72.3645
30 30 100 74.747
31 31 100 77.0751
32 32 100 79.2708
33 33 100 81.4149
34 34 100 83.425
35 35 100 85.4586
36 36 100 87.7362
37 37 100 89.8288
38 38 100 91.8057
39 39 100 93.9488
40 40 100 95.9361
41 41 100 97.8755
42 42 100 99.8709
43 43 100 101.791
44 44 100 103.879
45 45 100 105.838
46 46 100 107.733
47 47 100 109.627
48 48 100 111.639
49 49 100 113.61
50 50 100 115.602
